TUCASEID,TEAGE_EC,TEELDUR,TEELWHO,TEELYRS,TRELHH,TUECLNO,TULINENO,TXAGE_EC,TXELDUR,TXELWHO,TXELYRS
20230101230712,80,1,43,-1,0,2,-1,0,0,0,-1
20230101230827,78,3,26,-1,1,3,3,0,0,0,-1
20230101230865,85,4,33,3,0,4,-1,60,0,0,0
20230101230894,80,4,34,10,0,2,-1,0,0,0,0
20230101231039,67,4,33,2,0,6,-1,0,0,0,0
20230101231039,67,4,34,2,0,7,-1,0,0,0,0
20230101231039,65,4,39,1,0,8,-1,0,0,0,0
20230101231039,71,4,40,3,0,9,-1,0,0,0,0
20230101231150,85,2,33,-1,0,3,-1,60,0,0,-1
20230101231154,85,4,33,3,0,3,-1,60,0,0,0
20230101231156,85,4,33,2,0,3,-1,60,0,0,0
20230101231235,79,2,44,-1,0,2,-1,0,0,0,-1
20230101231387,59,4,22,59,1,3,3,0,0,0,0
20230101231521,72,4,43,10,0,3,-1,0,0,0,0
20230101231552,85,1,24,-1,1,2,2,0,0,0,-1
20230101231553,55,4,20,21,1,2,2,0,0,0,0
20230101231567,80,4,20,2,1,2,2,0,0,0,0
20230101231688,80,1,44,-1,0,3,-1,0,0,0,-1
20230101231688,73,1,43,-1,0,4,-1,0,0,0,-1
20230101231710,85,4,38,3,0,2,-1,60,0,0,0
20230101231717,85,1,33,-1,0,4,-1,60,0,0,-1
20230101231739,72,4,33,5,0,7,-1,0,0,0,0
20230101231739,75,4,34,5,0,8,-1,0,0,0,0
20230101231742,78,2,34,-1,0,4,-1,0,0,0,-1
20230101231895,85,4,33,6,0,3,-1,60,0,0,0
20230101231895,85,4,56,6,0,4,-1,60,0,0,0
20230101231964,80,2,56,-1,0,6,-1,60,0,0,-1
20230101231996,79,4,33,7,0,2,-1,0,0,0,0
20230101232031,77,3,40,-1,0,3,-1,0,0,0,-1
20230101232046,85,1,49,-1,0,3,-1,60,0,0,-1
20230101232072,85,4,24,2,1,3,3,0,0,0,0
20230101232321,69,1,43,-1,0,3,-1,0,0,0,-1
20230101232321,70,4,44,7,0,4,-1,0,0,0,0
20230101232321,70,4,44,7,0,5,-1,0,0,0,0
20230101232321,70,4,44,7,0,6,-1,0,0,0,0
20230101232321,70,4,44,7,0,7,-1,0,0,0,0
20230101232326,77,4,20,5,1,2,2,0,0,0,0
20230101232339,77,1,20,-1,1,2,2,0,0,0,-1
20230101232397,80,3,34,-1,0,3,-1,60,0,0,-1
20230101232469,80,3,34,-1,0,2,-1,60,0,0,-1
20230101232507,69,4,20,7,1,2,2,0,0,0,0
20230101232558,80,4,44,3,0,4,-1,60,0,0,0
20230101232562,40,4,22,40,1,3,3,0,0,0,0
20230110221705,65,4,24,15,1,2,2,0,0,0,0
20230111220001,53,4,24,5,1,2,2,0,0,0,0
20230111220571,85,3,43,-1,0,2,-1,60,0,0,-1
20230111220595,71,4,24,5,1,3,3,0,0,0,0
20230111220598,44,2,20,-1,1,2,2,0,0,0,-1
20230111220626,77,4,33,2,0,4,-1,0,0,0,0
20230111220626,78,3,34,-1,0,5,-1,0,0,0,-1
20230111220643,71,4,39,4,0,4,-1,0,0,0,0
20230111220657,74,3,47,-1,0,5,-1,0,0,0,-1
20230111220671,76,2,25,-1,1,3,3,0,0,0,-1
20230111220671,69,1,25,-1,1,4,4,0,0,0,-1
20230111220761,58,4,24,1,1,2,2,0,0,0,0
20230111220784,79,3,33,-1,0,3,-1,0,0,0,-1
20230111220784,80,4,34,2,0,4,-1,60,0,0,0
20230111220826,75,4,33,5,0,2,-1,0,0,0,0
20230111220877,80,4,34,3,0,3,-1,60,0,0,0
20230111220881,79,4,47,2,0,4,-1,0,0,0,0
20230111220903,85,4,39,3,0,4,-1,60,0,0,0
20230111220931,59,4,43,8,0,3,-1,0,0,0,0
20230111221034,80,4,26,7,1,2,2,0,0,0,0
20230111221123,61,1,33,-1,0,5,-1,0,0,0,-1
20230111221123,75,1,47,-1,0,6,-1,0,0,0,-1
20230111221123,80,4,48,3,0,7,-1,0,0,0,0
20230111221200,78,1,33,-1,0,5,-1,0,0,0,-1
20230111221229,74,3,34,-1,0,5,-1,0,0,0,-1
20230111221373,85,4,44,4,0,5,-1,0,0,0,0
20230111221382,85,4,39,5,0,3,-1,60,0,0,0
20230111221393,78,4,33,2,0,3,-1,0,0,0,0
20230111221515,57,4,49,1,0,2,-1,0,0,0,0
20230111221611,85,4,34,2,0,2,-1,60,0,0,0
20230111221621,85,4,39,2,0,3,-1,60,0,0,0
20230111221621,85,4,40,2,0,4,-1,60,0,0,0
20230111221744,75,4,34,3,0,4,-1,0,0,0,0
20230111221754,60,4,33,9,0,2,-1,0,0,0,0
20230111221754,69,4,34,9,0,3,-1,0,0,0,0
20230111221786,85,4,33,5,0,3,-1,60,0,0,0
20230111221855,62,1,24,-1,1,2,2,0,0,0,-1
20230111222080,77,4,39,5,0,5,-1,0,0,0,0
20230111222159,85,4,33,2,0,2,-1,60,0,0,0
20230111222188,80,4,47,10,0,5,-1,60,0,0,0
20230111222201,85,4,49,4,0,3,-1,60,0,0,0
20230111222224,64,1,20,-1,1,2,2,0,0,0,-1
20230111222263,80,2,44,-1,0,3,-1,60,0,0,-1
20230111222263,85,2,44,-1,0,4,-1,0,0,0,-1
20230111222426,79,4,25,20,1,2,2,0,0,0,0
20230111222468,48,4,24,3,1,2,2,0,0,0,0
20230111222545,65,2,47,-1,0,6,-1,0,0,0,-1
20230111222584,85,4,33,10,0,5,-1,60,0,0,0
20230111222590,80,4,20,2,1,2,2,0,0,0,0
20230112220003,85,4,33,5,0,2,-1,0,0,0,0
20230112220003,85,4,34,5,0,3,-1,60,0,0,0
20230112220005,85,3,47,-1,0,3,-1,61,0,0,-1
20230112220005,85,3,47,-1,0,4,-1,61,0,0,-1
20230112220041,76,4,33,20,0,2,-1,0,0,0,0
20230112220041,80,3,41,-1,0,3,-1,0,0,0,-1
20230112220517,80,4,47,3,0,4,-1,60,0,0,0
20230112220545,21,4,49,3,0,4,-1,0,0,0,0
20230112220565,78,1,33,-1,0,4,-1,0,0,0,-1
20230112220565,78,1,56,-1,0,5,-1,0,0,0,-1
20230112220583,80,4,39,2,0,3,-1,60,0,0,0
20230112220637,70,4,20,2,1,2,2,0,0,0,0
20230112220666,64,1,33,-1,0,6,-1,0,0,0,-1
20230112220685,85,4,33,10,0,3,-1,60,0,0,0
20230112220690,75,4,33,2,0,3,-1,0,0,0,0
20230112220716,85,4,47,5,0,6,-1,60,0,0,0
20230112220740,80,4,33,2,0,3,-1,60,0,0,0
20230112220740,80,4,39,4,0,4,-1,60,0,0,0
20230112220740,80,4,40,6,0,5,-1,60,0,0,0
20230112220745,85,1,39,-1,0,2,-1,60,0,0,-1
20230112220754,85,3,33,-1,0,4,-1,0,0,0,-1
20230112220800,73,2,43,-1,0,3,-1,0,0,0,-1
20230112220800,68,1,43,-1,0,4,-1,0,0,0,-1
20230112220800,70,1,43,-1,0,5,-1,0,0,0,-1
20230112220905,78,2,40,-1,0,5,-1,0,0,0,-1
20230112220905,76,2,39,-1,0,6,-1,0,0,0,-1
20230112220905,76,1,34,-1,0,7,-1,0,0,0,-1
20230112220914,80,4,56,5,0,3,-1,60,0,0,0
20230112220924,75,4,40,2,0,6,-1,0,0,0,0
20230112220924,64,4,39,2,0,7,-1,0,0,0,0
20230112220927,75,2,34,-1,0,4,-1,0,0,0,-1
20230112220937,80,4,44,3,0,2,-1,60,0,0,0
20230112220968,85,4,33,10,0,3,-1,60,0,0,0
20230112220968,85,4,34,10,0,4,-1,60,0,0,0
20230112221005,77,2,20,-1,1,2,2,0,0,0,-1
20230112221007,80,4,20,2,1,2,2,0,0,0,0
20230112221008,85,4,33,4,0,6,-1,60,0,0,0
20230112221019,85,4,33,2,0,3,-1,60,0,0,0
20230112221051,60,4,28,12,1,2,2,0,0,0,0
20230112221072,69,4,24,9,1,2,2,0,0,0,0
20230112221082,85,4,44,2,0,2,-1,60,0,0,0
20230112221082,75,1,43,-1,0,3,-1,0,0,0,-1
20230112221106,42,4,22,40,1,3,3,0,0,0,0
20230112221146,85,4,40,3,0,5,-1,60,0,0,0
20230112221151,68,4,20,2,1,2,2,0,0,0,0
20230112221153,71,3,33,-1,0,2,-1,0,0,0,-1
20230112221154,75,3,39,-1,0,6,-1,0,0,0,-1
20230112221154,75,1,40,-1,0,7,-1,0,0,0,-1
20230112221166,85,4,40,2,0,5,-1,60,0,0,0
20230112221181,62,4,20,7,1,2,2,0,0,0,0
20230112221195,80,4,34,2,0,2,-1,60,0,0,0
20230112221199,72,4,44,8,0,3,-1,0,0,0,0
20230112221209,80,2,40,-1,0,4,-1,60,0,0,-1
20230112221246,57,4,33,7,0,2,-1,0,0,0,0
20230112221248,80,4,56,12,0,3,-1,60,0,0,0
20230112221248,80,4,56,15,0,4,-1,0,0,0,0
20230112221254,76,4,20,7,1,2,2,0,0,0,0
20230112221261,80,4,39,3,0,4,-1,60,0,0,0
20230112221269,79,4,34,3,0,6,-1,0,0,0,0
20230112221305,85,1,38,-1,0,2,-1,0,0,0,-1
20230112221333,68,1,43,-1,0,2,-1,0,0,0,-1
20230112221337,78,2,39,-1,0,5,-1,0,0,0,-1
20230112221337,80,4,33,5,0,6,-1,60,0,0,0
20230112221337,85,4,34,5,0,7,-1,60,0,0,0
20230112221347,85,1,44,-1,0,2,-1,61,42,0,-1
20230112221370,72,4,33,3,0,4,-1,0,0,0,0
20230112221380,64,2,56,-1,0,2,-1,0,0,0,-1
20230112221504,85,4,34,3,0,3,-1,60,0,0,0
20230112221505,78,4,33,3,0,3,-1,0,0,0,0
20230112221508,79,2,56,-1,0,5,-1,0,0,0,-1
20230112221607,68,4,43,25,0,2,-1,0,0,0,0
20230112221620,76,4,20,11,1,2,2,0,0,0,0
20230112221644,78,4,33,2,0,2,-1,0,0,0,0
20230112221668,60,1,44,-1,0,2,-1,0,0,0,-1
20230112221668,65,1,44,-1,0,3,-1,0,0,0,-1
20230112221680,74,1,20,-1,1,2,2,0,0,0,-1
20230112221754,76,4,48,5,0,6,-1,0,0,0,0
20230112221765,75,4,33,2,0,5,-1,0,0,0,0
20230112221765,76,2,34,-1,0,6,-1,0,0,0,-1
20230112221765,47,4,38,5,0,7,-1,0,0,0,0
20230112221826,73,3,33,-1,0,2,-1,0,0,0,-1
20230112221826,77,3,34,-1,0,3,-1,0,0,0,-1
20230112221830,85,4,33,6,0,2,-1,60,0,0,0
20230112221872,80,3,43,-1,0,3,-1,0,0,0,-1
20230112221883,77,4,43,5,0,6,-1,0,0,0,0
20230112221890,85,4,44,7,0,2,-1,60,0,0,0
20230112221895,65,4,44,4,0,3,-1,0,0,0,0
20230112221929,68,3,47,-1,0,2,-1,0,0,0,-1
20230112221946,78,1,38,-1,0,3,-1,0,0,0,-1
20230112222014,79,4,39,2,0,4,-1,0,0,0,0
20230112222014,85,4,34,2,0,5,-1,0,0,0,0
20230112222105,85,2,39,-1,0,3,-1,60,0,0,-1
20230112222131,65,4,20,4,1,2,2,0,0,0,0
20230112222135,76,1,24,-1,1,3,3,0,0,0,-1
20230112222139,78,4,21,5,1,2,2,0,0,0,0
20230112222139,72,1,26,-1,1,3,3,0,0,0,-1
20230112222156,85,4,43,10,0,3,-1,60,0,0,0
20230112222167,80,2,39,-1,0,3,-1,60,0,0,-1
20230112222167,80,3,40,-1,0,4,-1,60,0,0,-1
20230112222173,80,4,33,5,0,3,-1,60,0,0,0
20230112222208,80,1,33,-1,0,2,-1,60,0,0,-1
20230112222303,85,4,43,2,0,3,-1,60,0,0,0
20230112222312,75,4,44,4,0,3,-1,0,0,0,0
20230112222316,75,1,33,-1,0,4,-1,0,0,0,-1
20230112222327,80,4,33,5,0,3,-1,60,0,0,0
20230112222342,58,4,44,4,0,6,-1,0,0,0,0
20230112222356,80,4,24,2,1,2,2,60,0,0,0
20230112222381,80,4,44,2,0,3,-1,60,0,0,0
20230112222416,77,1,33,-1,0,3,-1,0,0,0,-1
20230112222416,78,1,34,-1,0,4,-1,0,0,0,-1
20230112222447,65,4,24,4,1,3,3,0,0,0,0
20230112222465,73,3,47,-1,0,3,-1,0,0,0,-1
20230112222474,67,4,37,12,0,2,-1,0,0,0,0
20230112222480,85,4,24,17,1,2,2,60,0,0,0
20230112222515,74,2,20,-1,1,2,2,0,0,0,-1
20230112222563,74,1,43,-1,0,3,-1,0,0,0,-1
20230201230044,62,1,49,-1,0,3,-1,0,0,0,-1
20230201230082,76,4,20,2,1,2,2,0,0,0,0
20230201230538,74,3,33,-1,0,3,-1,0,0,0,-1
20230201230538,76,3,34,-1,0,4,-1,0,0,0,-1
20230201230555,79,1,42,-1,0,5,-1,0,0,0,-1
20230201230571,65,4,20,5,1,2,2,0,0,0,0
20230201230668,67,1,43,-1,0,3,-1,0,0,0,-1
20230201230668,80,1,43,-1,0,4,-1,60,0,0,-1
20230201230700,67,4,24,2,1,2,2,0,0,0,42
20230201230700,68,4,24,2,1,3,3,0,0,0,42
20230201230743,68,1,43,-1,0,2,-1,0,0,0,-1
20230201230790,69,4,24,5,1,2,2,0,0,0,0
20230201230848,85,4,33,8,0,2,-1,60,0,0,0
20230201230848,85,4,34,8,0,3,-1,60,0,0,0
20230201230852,85,1,33,-1,0,3,-1,60,0,0,-1
20230201230852,85,1,34,-1,0,4,-1,60,0,0,-1
20230201230863,70,4,33,2,0,6,-1,0,0,0,0
20230201230873,71,1,33,-1,0,6,-1,0,0,0,-1
20230201230873,75,1,44,-1,0,7,-1,0,0,0,-1
20230201230887,80,1,33,-1,0,2,-1,60,0,0,-1
20230201230899,85,3,47,-1,0,5,-1,60,0,0,-1
20230201230917,72,4,43,10,0,2,-1,0,0,0,0
20230201230917,80,4,33,5,0,3,-1,0,0,0,0
20230201230920,85,4,24,6,1,2,2,60,0,0,0
20230201230928,80,2,20,-1,1,2,2,0,0,0,-1
20230201230945,85,4,33,5,0,3,-1,60,0,0,0
20230201230968,85,3,33,-1,0,4,-1,60,0,0,-1
20230201231014,80,4,24,2,1,5,5,0,0,0,0
20230201231031,85,4,20,10,1,2,2,0,0,0,0
20230201231036,74,4,33,25,0,2,-1,0,0,0,0
20230201231055,85,4,42,5,0,3,-1,60,0,0,0
20230201231093,85,4,33,2,0,3,-1,0,0,0,0
20230201231093,85,4,34,2,0,4,-1,60,0,0,0
20230201231095,80,4,33,3,0,5,-1,60,0,0,0
20230201231095,80,4,34,3,0,6,-1,60,0,0,0
20230201231102,80,1,34,-1,0,3,-1,60,0,0,-1
20230201231171,80,1,34,-1,0,5,-1,60,0,0,-1
20230201231200,80,4,33,3,0,3,-1,60,0,0,0
20230201231211,72,4,33,5,0,5,-1,0,0,0,0
20230201231211,73,4,34,4,0,6,-1,0,0,0,0
20230201231218,80,4,33,4,0,3,-1,60,0,0,0
20230201231231,63,2,47,-1,0,3,-1,0,0,0,-1
20230201231248,68,4,38,10,0,2,-1,0,0,0,0
20230201231287,85,1,47,-1,0,6,-1,60,0,0,-1
20230201231301,74,1,49,-1,0,3,-1,0,0,0,-1
20230201231304,76,4,38,16,0,2,-1,0,0,0,0
20230201231327,71,3,20,-1,1,2,2,0,0,0,-1
20230201231351,80,4,20,2,1,2,2,0,0,0,0
20230201231363,85,3,20,-1,1,2,2,0,0,0,-1
20230201231428,85,4,34,5,0,3,-1,60,0,0,0
20230201231428,85,4,33,10,0,4,-1,60,0,0,0
20230201231495,80,3,33,-1,0,2,-1,60,0,0,-1
20230201231511,80,2,33,-1,0,3,-1,60,0,0,-1
20230201231511,80,2,34,-1,0,4,-1,60,0,0,-1
20230201231516,85,4,44,2,0,3,-1,60,0,0,0
20230201231526,85,4,40,9,0,6,-1,60,0,0,0
20230201231526,61,4,33,10,0,7,-1,0,0,0,0
20230201231544,59,4,20,5,1,2,2,0,0,0,0
20230201231574,85,3,44,-1,0,3,-1,60,0,0,-1
20230201231604,80,4,43,2,0,3,-1,60,0,0,0
20230201231604,36,4,43,3,0,4,-1,0,0,0,0
20230201231617,71,1,35,-1,0,2,-1,0,0,0,-1
20230201231659,68,2,56,-1,0,4,-1,0,0,0,-1
20230201231703,85,4,39,2,0,3,-1,60,0,0,0
20230201231729,73,4,41,5,0,8,-1,0,0,0,0
20230201231729,64,4,41,3,0,9,-1,0,0,0,0
20230201231729,72,4,24,6,1,2,2,0,0,0,0
20230201231749,68,1,22,-1,1,2,2,0,0,0,-1
20230201231784,85,2,33,-1,0,3,-1,60,0,0,-1
20230201231821,60,4,43,5,0,4,-1,0,0,0,0
20230201231821,64,4,43,1,0,5,-1,0,0,0,0
20230201231821,66,4,43,1,0,6,-1,0,0,0,0
20230201231821,70,4,43,2,0,7,-1,0,0,0,0
20230201231821,70,4,43,2,0,8,-1,0,0,0,0
20230201231841,85,4,33,20,0,3,-1,60,0,0,0
20230201231844,67,4,20,7,1,2,2,0,0,0,0
20230201231856,85,4,33,3,0,3,-1,60,0,0,0
20230201231867,85,4,24,4,1,2,2,0,0,0,0
20230201231884,65,4,56,2,0,3,-1,0,0,0,0
20230201231923,85,4,47,5,0,4,-1,60,0,0,0
20230201231999,85,4,41,10,0,4,-1,60,0,0,0
20230201232027,85,4,33,3,0,3,-1,60,0,0,0
20230201232034,85,4,39,3,0,3,-1,60,0,0,0
20230201232082,80,3,24,-1,1,2,2,60,0,0,-1
20230201232106,85,4,44,5,0,3,-1,60,0,0,0
20230201232119,73,1,33,-1,0,6,-1,0,0,0,-1
20230201232119,77,1,34,-1,0,7,-1,0,0,0,-1
20230201232144,85,4,33,15,0,3,-1,60,0,0,0
20230201232144,85,4,41,9,0,4,-1,60,0,0,0
20230201232144,85,4,39,18,0,5,-1,60,0,0,0
20230201232145,68,4,20,28,1,2,2,0,0,0,0
20230201232199,60,2,37,-1,0,2,-1,0,0,0,-1
20230201232209,80,4,43,5,0,2,-1,60,0,0,0
20230201232252,78,4,49,3,0,3,-1,0,0,0,0
20230201232276,73,2,26,-1,1,2,2,0,0,0,-1
20230201232299,79,4,20,4,1,2,2,0,0,0,0
20230201232309,55,4,20,6,1,2,2,0,0,0,0
20230201232320,85,2,47,-1,0,3,-1,0,0,0,-1
20230201232340,85,4,20,10,1,2,2,60,0,0,0
20230201232357,74,4,38,5,0,3,-1,0,0,0,0
20230201232411,79,1,56,-1,0,3,-1,0,0,0,-1
20230201232411,78,1,56,-1,0,4,-1,0,0,0,-1
20230201232486,85,2,33,-1,0,3,-1,60,0,0,-1
20230201232493,75,2,33,-1,0,3,-1,0,0,0,-1
20230201232572,54,4,38,17,0,3,-1,0,0,0,0
20230201232584,85,4,44,4,0,2,-1,60,0,0,0
20230201232584,80,4,44,4,0,3,-1,0,0,0,0
20230202230574,85,4,33,3,0,3,-1,60,0,0,0
20230202230581,85,4,33,4,0,2,-1,60,0,0,0
20230202230863,85,4,39,4,0,3,-1,60,0,0,0
20230202230882,76,4,20,7,1,2,2,0,0,0,0
20230202230960,85,4,39,4,0,4,-1,60,0,0,0
20230202231794,80,4,40,4,0,5,-1,60,0,0,0
20230202231794,80,1,44,-1,0,6,-1,0,0,0,-1
20230202232033,85,1,34,-1,0,3,-1,60,0,0,-1
20230202232075,74,4,39,20,0,6,-1,0,0,0,0
20230202232075,85,4,41,5,0,7,-1,60,0,0,0
20230202232378,73,4,44,2,0,3,-1,42,42,0,42
20230202232467,85,1,40,-1,0,3,-1,60,0,0,-1
20230211221503,64,1,26,-1,1,2,2,0,0,0,-1
20230211221503,80,1,26,-1,1,3,3,0,0,0,-1
20230211222324,85,4,34,7,0,3,-1,60,0,0,0
20230211222324,75,1,39,-1,0,4,-1,0,0,0,-1
20230212220823,76,4,34,2,0,3,-1,0,0,0,0
20230212220831,80,2,43,-1,0,3,-1,0,0,0,-1
20230212220862,85,2,24,-1,1,5,5,0,0,0,-1
20230212221272,70,4,44,1,0,4,-1,0,0,0,0
20230212221280,80,4,24,1,1,3,3,0,0,0,0
20230212221288,71,4,43,25,0,3,-1,0,0,0,0
20230212221300,85,4,33,3,0,2,-1,60,0,0,0
20230212221365,85,2,24,-1,1,2,2,60,0,0,-1
20230212221527,80,4,24,3,1,5,5,60,0,0,0
20230212221671,80,4,33,10,0,3,-1,60,0,0,0
20230212221689,85,1,48,-1,0,5,-1,60,0,0,-1
20230212221801,78,3,47,-1,0,3,-1,0,0,0,-1
20230212221801,78,2,48,-1,0,4,-1,0,0,0,-1
20230212222024,85,4,47,1,0,5,-1,60,0,0,0
20230212222091,80,4,33,5,0,3,-1,0,0,0,0
20230212222091,80,4,40,2,0,4,-1,60,0,0,0
20230212222291,85,4,47,3,0,7,-1,60,0,0,0
20230212222446,63,1,49,-1,0,2,-1,0,0,0,-1
20230212222446,78,4,49,6,0,3,-1,0,0,0,0
20230212222446,85,4,49,20,0,4,-1,60,0,0,0
20230212222446,73,4,49,5,0,5,-1,0,0,0,0
20230301230019,60,1,43,-1,0,2,-1,0,0,0,-1
20230301230099,75,4,47,4,0,6,-1,0,0,0,0
20230301230557,80,4,33,2,0,3,-1,60,0,0,0
20230301230564,85,4,33,11,0,3,-1,60,0,0,0
20230301230564,80,4,39,11,0,4,-1,60,0,0,0
20230301230656,85,4,33,2,0,3,-1,60,0,0,0
20230301230855,79,1,47,-1,0,3,-1,0,0,0,-1
20230301231123,85,2,43,-1,0,4,-1,61,42,0,-1
20230301231149,65,1,38,-1,0,3,-1,0,0,0,-1
20230301231260,61,1,42,-1,0,3,-1,0,0,0,-1
20230301231423,80,4,40,5,0,5,-1,60,0,0,0
20230301231432,80,4,33,8,0,3,-1,60,0,0,0
20230301231483,80,4,33,2,0,4,-1,60,0,0,0
20230301231483,85,4,34,3,0,5,-1,0,0,0,0
20230301231509,85,2,33,-1,0,5,-1,60,0,0,-1
20230301231719,79,4,24,5,1,2,2,0,0,0,0
20230301231765,70,3,47,-1,0,3,-1,0,0,0,-1
20230301232068,85,4,33,15,0,2,-1,60,0,0,0
20230301232099,85,4,33,2,0,2,-1,60,42,0,42
20230301232105,85,1,34,-1,0,3,-1,60,0,0,-1
20230301232115,66,4,49,2,0,3,-1,0,0,0,0
20230301232115,80,4,43,3,0,4,-1,0,0,0,0
20230301232188,80,4,44,2,0,4,-1,0,0,0,0
20230301232233,73,2,26,-1,1,2,2,0,0,0,-1
20230301232233,77,4,24,5,1,3,3,0,0,0,0
20230301232514,85,2,20,-1,1,2,2,0,0,0,-1
20230301232576,80,4,33,4,0,3,-1,60,0,0,0
20230302230002,78,4,44,2,0,3,-1,42,42,42,42
20230302230521,85,2,20,-1,1,2,2,0,0,0,-1
20230302230530,85,4,39,2,0,3,-1,0,0,0,0
20230302230530,85,4,40,2,0,4,-1,60,0,0,0
20230302230530,78,4,34,1,0,5,-1,0,0,0,0
20230302230556,80,4,33,15,0,3,-1,60,0,0,0
20230302230556,78,1,41,-1,0,4,-1,0,0,0,-1
20230302230558,85,4,44,2,0,3,-1,61,0,0,0
20230302230558,80,4,24,10,1,2,2,0,0,0,0
20230302230625,85,4,44,2,0,5,-1,60,0,0,0
20230302230628,85,1,43,-1,0,4,-1,60,0,0,-1
20230302230628,85,1,38,-1,0,5,-1,0,0,0,-1
20230302230628,85,1,49,-1,0,6,-1,60,0,0,-1
20230302230628,85,1,43,-1,0,7,-1,60,0,0,-1
20230302230628,78,4,20,3,1,2,2,0,0,0,0
20230302230633,80,4,20,3,1,2,2,60,0,0,0
20230302230639,70,4,34,35,0,2,-1,0,0,0,0
20230302230676,65,4,44,5,0,5,-1,0,0,0,0
20230302230708,70,4,20,12,1,2,2,0,0,0,0
20230302230710,76,4,43,13,0,2,-1,0,0,0,0
20230302230710,80,3,38,-1,0,3,-1,60,0,0,-1
20230302230715,79,4,20,11,1,2,2,0,0,0,0
20230302230761,85,1,33,-1,0,3,-1,60,0,0,-1
20230302230796,80,2,47,-1,0,3,-1,60,0,0,-1
20230302230796,85,2,48,-1,0,4,-1,0,0,0,-1
20230302230865,85,4,39,5,0,3,-1,60,0,0,0
20230302230868,85,4,39,3,0,2,-1,60,0,0,0
20230302230873,85,4,24,3,1,7,7,0,0,0,0
20230302230886,85,4,49,3,0,2,-1,0,0,0,0
20230302230939,80,1,33,-1,0,2,-1,60,0,0,-1
20230302230964,85,1,43,-1,0,2,-1,60,0,0,-1
20230302231050,64,4,38,10,0,4,-1,0,0,0,0
20230302231074,85,4,20,7,1,2,2,0,0,0,0
20230302231081,65,4,20,10,1,2,2,0,0,0,0
20230302231128,45,4,24,5,1,2,2,0,0,0,0
20230302231142,85,4,41,6,0,3,-1,60,0,0,0
20230302231144,85,4,43,3,0,3,-1,60,0,0,0
20230302231217,77,4,41,3,0,4,-1,0,0,0,0
20230302231236,80,4,33,5,0,4,-1,60,0,0,0
20230302231239,78,4,20,2,1,2,2,0,0,0,0
20230302231252,70,4,33,10,0,5,-1,0,0,0,0
20230302231252,69,4,39,10,0,6,-1,0,0,0,0
20230302231272,85,4,33,20,0,2,-1,60,0,0,0
20230302231273,70,2,33,-1,0,4,-1,0,0,0,-1
20230302231273,69,3,34,-1,0,5,-1,0,0,0,-1
20230302231273,85,4,47,5,0,6,-1,0,0,0,0
20230302231280,42,3,33,-1,0,8,-1,0,0,0,-1
20230302231310,70,4,33,3,0,4,-1,0,0,0,0
20230302231356,85,3,20,-1,1,2,2,0,0,0,-1
20230302231410,77,4,20,17,1,2,2,0,0,0,0
20230302231440,85,4,33,10,0,2,-1,0,0,0,0
20230302231440,79,1,41,-1,0,3,-1,0,0,0,-1
20230302231449,76,4,33,6,0,5,-1,0,0,0,0
20230302231468,85,4,38,3,0,4,-1,60,0,0,0
20230302231471,85,4,40,3,0,5,-1,60,0,0,0
20230302231510,71,4,33,2,0,5,-1,0,0,0,0
20230302231600,67,2,33,-1,0,2,-1,0,0,0,-1
20230302231601,67,4,33,10,0,7,-1,0,0,0,0
20230302231601,69,4,34,10,0,8,-1,0,0,0,0
20230302231609,63,4,39,7,0,3,-1,0,0,0,0
20230302231635,80,4,33,3,0,3,-1,60,0,0,0
20230302231635,85,4,34,3,0,4,-1,0,0,0,0
20230302231701,85,4,44,24,0,3,-1,60,0,0,0
20230302231701,80,4,20,2,1,2,2,0,0,0,0
20230302231716,85,4,33,5,0,2,-1,60,0,0,0
20230302231732,62,1,20,-1,1,2,2,0,0,0,-1
20230302231734,80,4,43,10,0,2,-1,60,0,0,0
20230302231734,85,4,43,4,0,3,-1,0,0,0,0
20230302231734,80,4,43,4,0,4,-1,60,0,0,0
20230302231751,75,4,44,4,0,3,-1,0,0,0,0
20230302231751,80,4,44,5,0,4,-1,60,0,0,0
20230302231766,62,4,20,22,1,2,2,0,0,0,0
20230302231783,80,4,20,2,1,2,2,0,0,0,0
20230302231809,85,4,47,5,0,3,-1,60,0,0,0
20230302231814,74,3,56,-1,0,3,-1,0,0,0,-1
20230302231814,80,3,56,-1,0,4,-1,0,0,0,-1
20230302231814,75,3,56,-1,0,5,-1,0,0,0,-1
20230302231852,85,4,33,4,0,3,-1,60,0,0,0
20230302231886,85,4,33,2,0,2,-1,60,0,0,0
20230302231905,85,3,33,-1,0,3,-1,60,0,0,-1
20230302231936,70,3,33,-1,0,7,-1,0,0,0,-1
20230302231945,85,4,39,5,0,3,-1,60,0,0,0
20230302231945,85,4,40,5,0,4,-1,60,0,0,0
20230302231945,85,4,33,5,0,5,-1,60,0,0,0
20230302231961,56,1,56,-1,0,5,-1,0,0,0,-1
20230302231966,85,4,43,2,0,2,-1,60,0,0,0
20230302231966,70,4,43,5,0,3,-1,0,0,0,0
20230302231968,65,4,20,4,1,2,2,0,0,0,0
20230302232016,85,1,43,-1,0,3,-1,60,0,0,-1
20230302232016,80,1,43,-1,0,4,-1,0,0,0,-1
20230302232024,80,4,33,2,0,3,-1,60,0,0,0
20230302232088,80,4,33,4,0,4,-1,60,0,0,0
20230302232146,80,4,33,6,0,4,-1,60,0,0,0
20230302232166,59,4,33,4,0,5,-1,0,0,0,0
20230302232166,69,4,34,4,0,6,-1,0,0,0,0
20230302232200,85,4,33,2,0,3,-1,60,0,0,0
20230302232200,85,3,34,-1,0,4,-1,60,0,0,-1
20230302232202,74,4,33,10,0,5,-1,0,0,0,0
20230302232202,75,4,39,4,0,6,-1,0,0,0,0
20230302232202,76,4,40,4,0,7,-1,0,0,0,0
20230302232207,85,4,40,2,0,3,-1,60,0,0,0
20230302232215,71,4,37,2,0,3,-1,0,0,0,0
20230302232232,80,4,34,3,0,4,-1,0,0,0,0
20230302232239,67,4,33,3,0,6,-1,0,0,0,0
20230302232302,80,2,40,-1,0,5,-1,0,0,0,-1
20230302232311,80,3,47,-1,0,3,-1,60,0,0,-1
20230302232327,85,4,34,4,0,3,-1,60,0,0,0
20230302232327,79,4,42,5,0,4,-1,0,0,0,0
20230302232327,85,4,39,10,0,5,-1,0,0,0,0
20230302232340,77,4,20,2,1,2,2,0,0,0,0
20230302232366,80,4,44,1,0,3,-1,60,0,0,0
20230302232372,72,4,34,3,0,2,-1,0,0,0,0
20230302232372,69,4,33,3,0,3,-1,0,0,0,0
20230302232372,53,4,44,5,0,4,-1,0,0,0,0
20230302232372,63,4,56,2,0,5,-1,0,0,0,0
20230302232462,74,4,34,3,0,3,-1,0,0,0,0
20230302232503,73,3,33,-1,0,2,-1,0,0,0,-1
20230302232563,74,4,39,3,0,5,-1,0,0,0,0
20230303230575,80,4,33,5,0,4,-1,0,0,0,0
20230303230802,85,1,33,-1,0,3,-1,60,0,0,-1
20230303230853,60,4,43,10,0,2,-1,0,0,0,0
20230303231076,73,3,44,-1,0,2,-1,0,0,0,-1
20230303231084,85,4,39,15,0,3,-1,60,0,0,0
20230303231161,85,4,39,2,0,3,-1,60,0,0,0
20230303231221,51,4,24,3,1,2,2,0,0,0,0
20230303231221,56,4,24,4,1,3,3,0,0,0,0
20230303231233,85,4,33,15,0,3,-1,60,0,0,0
20230303231233,85,4,49,5,0,4,-1,0,0,0,0
20230303231233,85,3,56,-1,0,5,-1,60,0,0,-1
20230303231319,67,4,43,4,0,3,-1,0,0,0,0
20230303231399,85,4,33,3,0,4,-1,60,0,0,0
20230303231399,85,4,34,3,0,5,-1,60,0,0,0
20230303231453,80,4,44,3,0,2,-1,60,0,0,0
20230303231579,64,4,20,2,1,2,2,0,0,0,0
20230303231699,78,1,34,-1,0,4,-1,0,0,0,-1
20230303231752,66,4,38,4,0,4,-1,0,0,0,0
20230303231908,80,4,44,2,0,3,-1,61,43,43,42
20230303232150,85,1,33,-1,0,2,-1,60,0,0,-1
20230303232150,85,1,34,-1,0,3,-1,60,0,0,-1
20230303232314,72,4,33,3,0,4,-1,0,0,0,0
20230303232394,72,1,20,-1,1,2,2,0,0,0,-1
20230303232479,85,1,49,-1,0,3,-1,0,0,0,-1
20230312220750,85,4,44,2,0,3,-1,60,0,0,0
20230312221984,61,4,24,5,1,2,2,0,0,0,0
20230401231971,68,1,43,-1,0,4,-1,0,0,0,-1
20230402230003,70,2,49,-1,0,2,-1,42,42,42,-1
20230402230637,80,4,33,3,0,4,-1,60,0,0,0
20230402230637,80,4,49,2,0,5,-1,60,0,0,0
20230402230770,80,4,33,2,0,2,-1,0,0,0,0
20230402230780,80,4,37,1,0,3,-1,0,0,0,0
20230402230848,85,4,33,10,0,3,-1,60,0,0,0
20230402230906,60,4,47,2,0,3,-1,0,0,0,0
20230402230906,70,4,48,2,0,4,-1,0,0,0,0
20230402230989,70,4,25,2,1,2,2,0,0,0,0
20230402231024,73,4,47,2,0,4,-1,0,0,0,0
20230402231071,85,4,47,13,0,3,-1,60,0,0,0
20230402231141,70,4,34,10,0,3,-1,0,0,0,0
20230402231371,85,4,24,10,1,2,2,0,0,0,0
20230402231375,70,4,24,7,1,3,3,0,0,0,0
20230402231428,75,1,20,-1,1,2,2,0,0,0,-1
20230402231602,76,4,37,7,0,3,-1,0,0,0,0
20230402231828,80,4,33,10,0,6,-1,60,0,0,0
20230402231828,64,1,43,-1,0,7,-1,0,0,0,-1
20230402231828,76,4,41,5,0,8,-1,0,0,0,0
20230402231828,56,4,43,3,0,9,-1,0,0,0,0
20230402231883,85,1,33,-1,0,3,-1,60,0,0,-1
20230402231959,85,4,33,4,0,2,-1,60,0,0,0
20230402231975,79,2,35,-1,0,2,-1,0,0,0,-1
20230402232006,73,1,33,-1,0,4,-1,0,0,0,-1
20230402232078,75,4,20,4,1,2,2,0,0,0,0
20230402232091,85,3,47,-1,0,7,-1,60,0,0,-1
20230402232262,63,1,20,-1,1,2,2,0,0,0,-1
20230402232374,68,4,20,2,1,2,2,0,0,0,0
20230402232409,80,4,43,2,0,4,-1,0,0,0,0
20230402232499,71,4,34,7,0,6,-1,0,0,0,0
20230402232510,85,4,40,13,0,3,-1,60,0,0,0
20230402232526,70,4,33,8,0,6,-1,0,0,0,0
20230403230012,85,1,47,-1,0,6,-1,60,0,0,-1
20230403230044,76,4,34,2,0,2,-1,0,0,0,0
20230403230081,85,4,44,7,0,3,-1,0,0,0,0
20230403230540,85,4,47,2,0,5,-1,0,0,0,0
20230403230540,85,4,48,2,0,6,-1,60,0,0,0
20230403230543,85,4,33,2,0,2,-1,60,0,0,0
20230403230560,85,4,33,6,0,3,-1,0,0,0,0
20230403230625,80,4,33,2,0,5,-1,60,0,0,0
20230403230625,85,4,34,2,0,6,-1,0,0,0,0
20230403230704,71,4,38,20,0,3,-1,0,0,0,0
20230403230704,85,4,49,6,0,4,-1,60,0,0,0
20230403230704,68,1,44,-1,0,5,-1,0,0,0,-1
20230403230704,85,4,44,7,0,6,-1,60,0,0,0
20230403230704,73,4,43,3,0,7,-1,0,0,0,0
20230403230765,85,1,24,-1,1,2,2,0,0,0,-1
20230403230769,80,4,36,8,0,2,-1,60,0,0,0
20230403230787,85,4,33,5,0,2,-1,60,0,0,0
20230403230792,85,4,44,2,0,3,-1,0,0,0,0
20230403230793,66,4,33,10,0,6,-1,0,0,0,0
20230403230793,63,4,34,8,0,7,-1,0,0,0,0
20230403230793,73,4,39,17,0,8,-1,0,0,0,0
20230403230793,80,4,40,4,0,9,-1,60,0,0,0
20230403230804,85,4,33,3,0,3,-1,60,0,0,0
20230403230826,80,4,44,2,0,2,-1,60,0,0,0
20230403230826,58,4,44,2,0,3,-1,0,0,0,0
20230403230850,85,2,38,-1,0,2,-1,60,0,0,-1
20230403230969,70,4,44,5,0,4,-1,0,0,0,0
20230403230984,85,4,56,2,0,3,-1,60,0,0,0
20230403230984,80,3,56,-1,0,4,-1,60,0,0,-1
20230403231044,69,3,49,-1,0,2,-1,0,0,0,-1
20230403231044,73,3,49,-1,0,3,-1,0,0,0,-1
20230403231044,75,2,49,-1,0,4,-1,0,0,0,-1
20230403231070,61,4,24,5,1,2,2,0,0,0,0
20230403231133,73,4,33,4,0,4,-1,0,0,0,0
20230403231136,66,4,33,2,0,4,-1,0,0,0,0
20230403231136,69,3,41,-1,0,5,-1,0,0,0,-1
20230403231144,65,4,33,3,0,3,-1,0,0,0,0
20230403231206,69,1,38,-1,0,2,-1,0,0,0,-1
20230403231237,80,4,33,2,0,3,-1,60,0,0,0
20230403231237,85,4,34,5,0,4,-1,60,0,0,0
20230403231237,80,4,43,2,0,5,-1,0,0,0,0
20230403231237,85,3,43,-1,0,6,-1,60,0,0,-1
20230403231237,59,3,43,-1,0,7,-1,0,0,0,-1
20230403231253,78,4,20,20,1,2,2,0,0,0,0
20230403231259,85,4,39,4,0,3,-1,60,0,0,0
20230403231266,72,2,47,-1,0,4,-1,0,0,0,-1
20230403231324,85,1,33,-1,0,2,-1,0,0,0,-1
20230403231324,85,1,34,-1,0,3,-1,60,0,0,-1
20230403231385,80,1,49,-1,0,3,-1,60,0,0,-1
20230403231385,85,1,49,-1,0,4,-1,60,0,0,-1
20230403231385,79,4,47,1,0,5,-1,0,0,0,0
20230403231388,85,4,39,3,0,3,-1,60,0,0,0
20230403231443,85,4,33,5,0,3,-1,60,0,0,0
20230403231469,85,3,34,-1,0,3,-1,0,0,0,-1
20230403231469,85,3,39,-1,0,4,-1,60,0,0,-1
20230403231575,85,4,33,10,0,3,-1,0,0,0,0
20230403231575,65,4,20,7,1,2,2,0,0,0,0
20230403231684,85,4,41,10,0,2,-1,60,0,0,0
20230403231735,85,4,33,8,0,2,-1,60,0,0,0
20230403231749,66,2,49,-1,0,2,-1,0,0,0,-1
20230403231749,75,4,43,10,0,3,-1,0,0,0,0
20230403231760,68,4,33,2,0,7,-1,0,0,0,0
20230403231814,85,4,41,3,0,3,-1,60,0,0,0
20230403231814,80,4,42,3,0,4,-1,60,0,0,0
20230403231911,85,4,33,5,0,3,-1,60,0,0,0
20230403231911,85,3,34,-1,0,4,-1,60,0,0,-1
20230403231916,85,3,34,-1,0,3,-1,60,0,0,-1
20230403231956,80,4,41,10,0,2,-1,60,0,0,0
20230403231970,72,2,39,-1,0,3,-1,0,0,0,-1
20230403231970,80,2,40,-1,0,4,-1,60,0,0,-1
20230403232040,73,4,33,2,0,3,-1,0,0,0,0
20230403232042,65,4,25,24,1,3,3,0,0,0,0
20230403232064,85,4,44,12,0,2,-1,60,0,0,0
20230403232064,80,4,44,4,0,3,-1,60,0,0,0
20230403232064,69,4,44,12,0,4,-1,0,0,0,0
20230403232067,85,4,40,8,0,3,-1,60,0,0,0
20230403232067,85,2,43,-1,0,4,-1,60,0,0,-1
20230403232067,85,4,56,3,0,5,-1,61,0,0,0
20230403232103,74,3,20,-1,1,2,2,0,0,0,-1
20230403232112,75,3,33,-1,0,3,-1,0,0,0,-1
20230403232112,75,1,34,-1,0,4,-1,0,0,0,-1
20230403232115,85,4,43,20,0,2,-1,60,0,0,0
20230403232167,85,4,24,10,1,2,2,0,0,0,0
20230403232193,85,4,24,1,1,2,2,0,0,0,0
20230403232198,85,4,47,2,0,5,-1,60,0,0,0
20230403232210,85,4,34,2,0,3,-1,60,0,0,0
20230403232235,80,4,41,3,0,6,-1,60,0,0,0
20230403232288,85,4,34,3,0,3,-1,0,0,0,0
20230403232304,80,4,47,20,0,5,-1,60,0,0,0
20230403232327,85,1,26,-1,1,4,4,0,0,0,-1
20230403232372,85,4,47,2,0,2,-1,60,0,0,0
20230403232372,79,1,56,-1,0,3,-1,0,0,0,-1
20230403232380,80,4,33,5,0,3,-1,0,0,0,0
20230403232410,80,4,39,10,0,3,-1,60,0,0,0
20230403232435,85,4,41,9,0,2,-1,60,0,0,0
20230403232436,80,4,33,4,0,7,-1,60,0,0,0
20230403232470,80,4,43,5,0,3,-1,0,0,0,0
20230403232483,85,4,39,2,0,3,-1,60,0,0,0
20230403232485,73,4,38,2,0,2,-1,0,0,0,0
20230403232485,69,4,37,2,0,3,-1,0,0,0,0
20230403232485,42,2,49,-1,0,4,-1,0,0,0,-1
20230403232485,85,4,44,2,0,5,-1,60,0,0,0
20230403232517,85,1,56,-1,0,2,-1,60,0,0,-1
20230403232522,68,1,38,-1,0,3,-1,0,0,0,-1
20230403232522,80,3,49,-1,0,4,-1,60,0,0,-1
20230403232569,79,4,33,10,0,5,-1,0,0,0,0
20230403232583,80,1,43,-1,0,4,-1,60,0,0,-1
20230403232589,85,4,43,2,0,3,-1,60,0,0,0
20230404230071,85,2,34,-1,0,3,-1,60,0,0,-1
20230404230309,64,2,24,-1,1,2,2,0,42,0,-1
20230404230666,85,4,33,2,0,2,-1,60,0,0,0
20230404230694,85,4,39,3,0,3,-1,60,0,0,0
20230404230782,79,3,44,-1,0,3,-1,0,0,0,-1
20230404230976,85,4,34,7,0,3,-1,60,0,0,0
20230404230976,85,4,56,7,0,4,-1,0,0,0,0
20230404230988,85,4,44,2,0,2,-1,60,0,0,0
20230404230988,80,4,44,2,0,3,-1,60,0,0,0
20230404231219,62,4,43,5,0,2,-1,0,0,0,0
20230404231376,80,3,20,-1,1,2,2,0,0,0,-1
20230404231377,77,3,20,-1,1,2,2,0,0,0,-1
20230404231382,72,3,36,-1,0,4,-1,0,0,0,-1
20230404231444,80,4,40,2,0,4,-1,60,0,0,0
20230404231490,74,3,38,-1,0,4,-1,0,0,0,-1
20230404231560,80,3,33,-1,0,3,-1,0,0,0,-1
20230404231724,85,4,33,3,0,3,-1,60,0,0,0
20230404231724,85,3,41,-1,0,4,-1,60,0,0,-1
20230404231745,85,4,33,10,0,3,-1,60,0,0,0
20230404231745,85,4,34,8,0,4,-1,60,0,0,0
20230404231764,80,4,33,3,0,3,-1,0,0,0,0
20230404231764,80,4,34,3,0,4,-1,0,0,0,0
20230404231777,56,4,38,2,0,2,-1,0,0,0,0
20230404231777,80,2,33,-1,0,3,-1,60,0,0,-1
20230404231777,54,3,38,-1,0,4,-1,0,0,0,-1
20230404231791,80,4,38,3,0,2,-1,60,0,0,0
20230404231843,76,3,26,-1,1,3,3,0,0,0,-1
20230404231884,85,4,24,5,1,2,2,60,0,0,0
20230404231898,85,4,33,5,0,4,-1,60,0,0,0
20230404231898,85,4,34,5,0,5,-1,60,0,0,0
20230404231939,76,4,33,20,0,3,-1,0,0,0,0
20230404231960,80,4,20,4,1,2,2,0,0,0,0
20230404232055,85,4,33,4,0,3,-1,60,0,0,0
20230404232075,75,4,30,6,1,2,2,0,0,0,0
20230404232084,80,4,33,4,0,3,-1,60,0,0,0
20230404232192,85,4,39,2,0,3,-1,60,0,0,0
20230404232285,78,4,44,8,0,3,-1,0,0,0,0
20230502232284,79,4,33,9,0,5,-1,0,0,0,0
20230503230514,85,3,33,-1,0,3,-1,60,0,0,-1
20230503230682,67,4,34,8,0,5,-1,0,0,0,0
20230503230693,85,4,44,2,0,2,-1,60,0,0,0
20230503230698,80,4,33,3,0,3,-1,60,0,0,0
20230503230698,85,4,34,3,0,4,-1,60,0,0,0
20230503230742,68,4,44,2,0,2,-1,0,42,0,42
20230503230871,72,4,33,3,0,3,-1,0,0,0,0
20230503230871,73,1,34,-1,0,4,-1,0,0,0,-1
20230503230999,66,4,20,8,1,2,2,0,0,0,0
20230503231091,68,3,43,-1,0,4,-1,0,0,0,-1
20230503231263,85,4,33,1,0,2,-1,60,0,0,0
20230503231264,45,4,20,25,1,2,2,0,0,0,0
20230503231297,78,1,39,-1,0,4,-1,0,0,0,-1
20230503231384,77,4,39,2,0,3,-1,0,0,0,0
20230503231384,80,4,40,2,0,4,-1,0,0,0,0
20230503231548,77,4,49,3,0,3,-1,0,0,0,0
20230503231619,85,4,20,4,1,2,2,0,0,0,0
20230503231680,85,4,33,7,0,2,-1,60,0,0,0
20230503231828,80,4,33,5,0,2,-1,0,0,0,0
20230503231960,73,1,39,-1,0,3,-1,0,0,0,-1
20230503232098,70,4,24,4,1,2,2,0,0,0,0
20230503232249,79,3,33,-1,0,2,-1,0,0,0,-1
20230503232249,79,3,34,-1,0,3,-1,0,0,0,-1
20230503232329,72,4,43,2,0,3,-1,0,0,0,0
20230503232329,71,2,43,-1,0,4,-1,0,0,0,-1
20230503232329,80,3,43,-1,0,5,-1,60,0,0,-1
20230503232329,75,1,20,-1,1,2,2,0,0,0,-1
20230503232345,85,4,43,5,0,5,-1,60,0,0,0
20230503232551,73,1,44,-1,0,6,-1,0,0,0,-1
20230504230040,85,1,44,-1,0,2,-1,60,0,0,-1
20230504230045,85,1,24,-1,1,2,2,60,0,0,-1
20230504230064,85,2,38,-1,0,2,-1,0,0,0,-1
20230504230089,70,4,44,8,0,3,-1,0,0,0,0
20230504230089,78,4,56,3,0,4,-1,0,0,0,0
20230504230127,70,2,44,-1,0,5,-1,0,0,0,-1
20230504230127,75,4,41,5,0,6,-1,0,0,0,0
20230504230246,59,3,24,-1,1,2,2,0,0,0,-1
20230504230601,70,1,44,-1,0,2,-1,0,0,0,-1
20230504230616,85,3,24,-1,1,2,2,0,0,0,-1
20230504230616,64,2,30,-1,1,3,3,0,0,0,-1
20230504230644,54,4,33,5,0,3,-1,0,0,0,0
20230504230644,85,4,47,10,0,4,-1,0,0,0,0
20230504230721,80,4,20,3,1,2,2,0,0,0,0
20230504230735,63,4,20,25,1,2,2,0,0,0,0
20230504230747,80,4,33,5,0,2,-1,60,0,0,0
20230504230753,75,4,24,2,1,3,3,0,0,0,0
20230504230756,80,2,40,-1,0,4,-1,60,0,0,-1
20230504230775,76,1,33,-1,0,7,-1,0,0,0,-1
20230504230775,85,1,34,-1,0,8,-1,60,0,0,-1
20230504230775,85,1,41,-1,0,9,-1,60,0,0,-1
20230504230775,85,1,49,-1,0,10,-1,60,0,0,-1
20230504230775,80,1,49,-1,0,11,-1,60,0,0,-1
20230504230812,85,4,24,9,1,3,3,0,0,0,0
20230504230835,80,1,33,-1,0,3,-1,60,0,0,-1
20230504230860,85,3,33,-1,0,3,-1,60,0,0,-1
20230504230876,80,3,47,-1,0,3,-1,0,0,0,-1
20230504230899,63,4,24,6,1,5,5,0,0,0,0
20230504230901,85,3,44,-1,0,5,-1,0,0,0,-1
20230504230982,71,4,34,5,0,5,-1,0,0,0,0
20230504230983,77,2,34,-1,0,3,-1,0,0,0,-1
20230504231068,65,1,41,-1,0,4,-1,0,0,0,-1
20230504231094,62,4,33,5,0,2,-1,0,0,0,0
20230504231109,78,1,20,-1,1,2,2,0,0,0,-1
20230504231193,80,4,20,2,1,2,2,60,0,0,0
20230504231207,75,4,43,2,0,3,-1,0,0,0,0
20230504231257,80,4,33,20,0,2,-1,60,0,0,0
20230504231260,85,4,33,20,0,3,-1,60,0,0,0
20230504231263,80,2,34,-1,0,6,-1,0,0,0,-1
20230504231279,78,1,33,-1,0,4,-1,0,0,0,-1
20230504231279,80,3,39,-1,0,5,-1,0,0,0,-1
20230504231297,79,1,38,-1,0,2,-1,0,0,0,-1
20230504231320,80,4,44,2,0,5,-1,0,0,0,0
20230504231320,67,4,44,5,0,6,-1,0,0,0,0
20230504231320,67,4,44,5,0,7,-1,0,0,0,0
20230504231343,71,4,20,6,1,2,2,0,0,0,0
20230504231353,60,4,49,1,0,2,-1,0,0,0,0
20230504231358,70,1,34,-1,0,6,-1,0,0,0,-1
20230504231358,79,4,41,2,0,7,-1,0,0,0,0
20230504231364,48,4,20,5,1,2,2,0,0,0,0
20230504231373,70,4,39,15,0,6,-1,0,0,0,0
20230504231373,74,4,40,15,0,7,-1,0,0,0,0
20230504231373,70,1,43,-1,0,8,-1,42,0,0,-1
20230504231386,76,1,33,-1,0,5,-1,0,0,0,-1
20230504231386,80,4,34,6,0,6,-1,60,0,0,0
20230504231403,71,1,43,-1,0,2,-1,0,0,0,-1
20230504231416,80,4,33,7,0,3,-1,0,0,0,0
20230504231439,85,4,33,5,0,2,-1,60,0,0,0
20230504231448,79,4,20,3,1,2,2,0,0,0,0
20230504231460,85,4,33,3,0,4,-1,60,0,0,0
20230504231460,85,4,39,3,0,5,-1,60,0,0,0
20230504231468,85,4,33,40,0,3,-1,60,0,0,0
20230504231491,63,4,24,20,1,2,2,0,0,0,0
20230504231498,75,4,33,2,0,3,-1,0,0,0,0
20230504231498,77,3,34,-1,0,4,-1,0,0,0,-1
20230504231500,80,4,33,6,0,4,-1,0,0,0,0
20230504231526,65,4,20,6,1,2,2,0,0,0,0
20230504231549,74,4,20,3,1,2,2,0,0,0,0
20230504231552,68,3,40,-1,0,5,-1,0,0,0,-1
20230504231567,80,1,39,-1,0,5,-1,61,0,0,-1
20230504231567,80,1,40,-1,0,6,-1,61,0,0,-1
20230504231569,79,4,43,13,0,2,-1,0,0,0,0
20230504231574,85,3,49,-1,0,3,-1,60,0,0,-1
20230504231604,75,3,20,-1,1,2,2,0,0,0,-1
20230504231617,78,4,44,2,0,2,-1,0,0,0,0
20230504231617,85,4,44,2,0,3,-1,60,0,0,0
20230504231617,85,3,44,-1,0,4,-1,0,0,0,-1
20230504231698,77,4,33,3,0,5,-1,0,0,0,0
20230504231698,74,4,34,3,0,6,-1,0,0,0,0
20230504231704,71,4,33,5,0,3,-1,0,0,0,0
20230504231706,85,2,33,-1,0,3,-1,60,0,0,-1
20230504231731,70,2,43,-1,0,2,-1,0,0,0,-1
20230504231763,85,1,33,-1,0,2,-1,60,0,0,-1
20230504231798,80,4,43,3,0,3,-1,60,0,0,0
20230504231798,80,4,43,5,0,4,-1,0,0,0,0
20230504231816,58,4,33,15,0,3,-1,0,0,0,0
20230504231817,72,1,33,-1,0,3,-1,0,0,0,-1
20230504231817,74,1,34,-1,0,4,-1,0,0,0,-1
20230504231852,85,4,33,4,0,3,-1,60,0,0,0
20230504231883,85,4,33,2,0,2,-1,60,0,0,0
20230504231883,85,4,34,2,0,3,-1,60,0,0,0
20230504231928,68,1,34,-1,0,2,-1,0,0,0,-1
20230504231938,78,1,24,-1,1,2,2,0,0,0,-1
20230504231955,80,4,20,6,1,2,2,0,0,0,0
20230504231987,85,2,34,-1,0,4,-1,60,0,0,-1
20230504232037,76,1,41,-1,0,3,-1,0,0,0,-1
20230504232042,80,3,33,-1,0,2,-1,60,0,0,-1
20230504232053,39,4,44,18,0,3,-1,0,0,0,0
20230504232067,76,4,33,2,0,7,-1,0,0,0,0
20230504232067,77,4,26,2,1,5,5,0,0,0,0
20230504232067,80,4,26,2,1,6,6,0,0,0,0
20230504232108,85,4,48,33,0,4,-1,60,0,0,0
20230504232137,80,4,39,2,0,3,-1,60,0,0,0
20230504232156,75,1,44,-1,0,3,-1,0,0,0,-1
20230504232156,75,1,44,-1,0,4,-1,0,0,0,-1
20230504232162,69,1,34,-1,0,4,-1,0,0,0,-1
20230504232175,71,3,20,-1,1,2,2,0,0,0,-1
20230504232177,85,4,43,5,0,2,-1,60,0,0,0
20230504232220,63,4,33,5,0,4,-1,0,0,0,0
20230504232226,70,3,33,-1,0,3,-1,0,0,0,-1
20230504232238,56,1,49,-1,0,3,-1,0,0,0,-1
20230504232238,85,3,44,-1,0,4,-1,60,0,0,-1
20230504232238,85,4,44,1,0,5,-1,60,0,0,0
20230504232332,85,1,20,-1,1,2,2,0,0,0,-1
20230505230504,80,4,24,8,1,3,3,0,0,0,0
20230505230562,80,1,49,-1,0,2,-1,60,0,0,-1
20230505230599,85,1,43,-1,0,2,-1,60,0,0,-1
20230505230852,80,2,49,-1,0,5,-1,60,0,0,-1
20230505230937,69,2,42,-1,0,5,-1,0,0,0,-1
20230505231102,85,4,24,2,1,2,2,0,0,0,0
20230505231250,85,4,33,10,0,3,-1,60,0,0,0
20230505231250,85,4,34,2,0,4,-1,60,0,0,0
20230505231276,85,4,34,5,0,2,-1,60,0,0,0
20230505231375,75,1,38,-1,0,3,-1,0,0,0,-1
20230505231498,74,4,38,3,0,3,-1,0,0,0,0
20230505231498,61,4,38,15,0,4,-1,0,0,0,0
20230505231672,78,4,20,1,1,2,2,0,0,0,0
20230505231711,78,3,33,-1,0,3,-1,0,0,0,-1
20230505231792,75,4,24,9,1,2,2,0,0,0,0
20230505231792,67,4,24,9,1,3,3,0,0,0,0
20230505231916,73,3,20,-1,1,2,2,0,0,0,-1
20230505231938,69,2,38,-1,0,3,-1,0,0,0,-1
20230505231981,80,4,43,10,0,3,-1,60,0,0,0
20230505232000,85,1,43,-1,0,3,-1,60,0,0,-1
20230505232000,80,4,43,2,0,4,-1,60,0,0,0
20230505232123,76,1,38,-1,0,2,-1,0,0,0,-1
20230505232138,78,4,24,10,1,2,2,0,0,0,0
20230505232138,62,4,24,10,1,3,3,0,0,0,0
20230505232138,80,4,26,13,1,4,4,0,0,0,0
20230505232158,80,1,33,-1,0,3,-1,60,0,0,-1
20230505232158,85,1,34,-1,0,4,-1,60,0,0,-1
20230505232189,69,4,20,7,1,2,2,0,0,0,0
20230604230065,80,4,24,4,1,2,2,0,0,0,0
20230604230118,75,2,47,-1,0,3,-1,0,0,0,-1
20230604230634,67,2,49,-1,0,3,-1,0,0,0,-1
20230604230824,80,3,39,-1,0,4,-1,60,0,0,-1
20230604230824,49,3,49,-1,0,5,-1,0,0,0,-1
20230604230881,69,2,39,-1,0,3,-1,0,0,0,-1
20230604230881,71,1,33,-1,0,4,-1,0,0,0,-1
20230604230881,73,1,34,-1,0,5,-1,0,0,0,-1
20230604231075,64,4,20,2,1,2,2,0,0,0,0
20230604231154,66,4,34,5,0,5,-1,0,0,0,0
20230604231216,71,3,25,-1,1,2,2,0,0,0,-1
20230604231346,85,4,39,2,0,3,-1,60,0,0,0
20230604231368,70,1,44,-1,0,5,-1,0,0,0,-1
20230604231459,61,1,37,-1,0,3,-1,0,0,0,-1
20230604231494,80,4,47,4,0,3,-1,60,0,0,0
20230604231632,80,4,20,2,1,2,2,0,0,0,0
20230604231637,73,3,33,-1,0,5,-1,0,0,0,-1
20230604231784,65,1,33,-1,0,5,-1,0,0,0,-1
20230604231784,68,1,34,-1,0,6,-1,0,0,0,-1
20230604231784,72,1,39,-1,0,7,-1,0,0,0,-1
20230604231784,75,1,40,-1,0,8,-1,0,0,0,-1
20230604231929,69,4,24,5,1,2,2,0,0,0,0
20230604231929,74,4,24,5,1,3,3,0,0,0,0
20230604231959,73,3,25,-1,1,7,7,0,0,0,-1
20230604231982,80,4,33,10,0,5,-1,60,0,0,0
20230604232074,80,4,24,3,1,2,2,0,0,0,0
20230604232096,50,4,33,17,0,4,-1,0,0,0,0
20230604232096,50,4,34,17,0,5,-1,0,0,0,0
20230604232096,85,1,47,-1,0,6,-1,60,0,0,-1
20230604232294,79,4,39,15,0,3,-1,0,0,0,0
20230604232294,78,4,40,15,0,4,-1,0,0,0,0
20230604232373,85,4,33,10,0,3,-1,0,0,0,0
20230605230043,85,4,33,2,0,2,-1,60,0,0,0
20230605230058,65,4,33,3,0,3,-1,0,0,0,0
20230605230296,80,4,47,2,0,5,-1,60,0,0,0
20230605230507,75,4,49,5,0,2,-1,0,0,0,0
20230605230508,79,3,37,-1,0,2,-1,0,0,0,-1
20230605230508,80,3,43,-1,0,3,-1,60,0,0,-1
20230605230514,80,1,33,-1,0,3,-1,0,0,0,-1
20230605230526,85,4,33,3,0,3,-1,60,0,0,0
20230605230539,85,4,33,5,0,3,-1,60,0,0,0
20230605230581,71,4,34,10,0,4,-1,0,0,0,0
20230605230586,80,1,20,-1,1,2,2,0,0,0,-1
20230605230591,85,4,24,11,1,2,2,0,0,0,0
20230605230591,49,4,22,2,1,3,3,0,0,0,42
20230605230600,61,2,38,-1,0,2,-1,0,0,0,-1
20230605230611,85,4,47,7,0,3,-1,60,0,0,0
20230605230612,85,4,43,5,0,2,-1,60,0,0,0
20230605230612,80,3,43,-1,0,3,-1,60,0,0,-1
20230605230644,76,2,40,-1,0,3,-1,0,0,0,-1
20230605230688,85,4,41,2,0,4,-1,0,0,0,0
20230605230688,80,4,42,2,0,5,-1,60,0,0,0
20230605230696,76,3,33,-1,0,5,-1,0,0,0,-1
20230605230696,76,3,34,-1,0,6,-1,0,0,0,-1
20230605230717,60,4,33,2,0,7,-1,0,42,0,42
20230605230717,65,3,34,-1,0,8,-1,0,42,0,-1
20230605230758,85,4,40,3,0,4,-1,60,0,0,0
20230605230793,80,4,33,20,0,3,-1,60,0,0,0
20230605230793,85,4,43,10,0,4,-1,60,0,0,0
20230605230856,76,4,35,10,0,4,-1,0,0,0,0
20230605230875,76,4,34,3,0,5,-1,0,0,0,0
20230605230894,85,4,40,5,0,3,-1,60,0,0,0
20230605230909,85,1,35,-1,0,2,-1,60,0,0,-1
20230605230931,80,3,44,-1,0,2,-1,60,0,0,-1
20230605230934,85,4,20,2,1,2,2,0,0,0,42
20230605230938,85,4,26,6,1,3,3,0,0,0,0
20230605230941,85,4,33,6,0,3,-1,60,0,0,0
20230605230941,68,4,38,18,0,4,-1,0,0,0,0
20230605230977,80,4,39,5,0,3,-1,0,0,0,0
20230605230977,80,4,40,5,0,4,-1,0,0,0,0
20230605231036,85,4,33,5,0,3,-1,0,0,0,0
20230605231036,85,4,34,5,0,4,-1,60,0,0,0
20230605231050,80,1,49,-1,0,4,-1,0,0,0,-1
20230605231108,80,4,34,7,0,3,-1,60,0,0,0
20230605231114,85,4,33,2,0,3,-1,60,0,0,0
20230605231114,80,4,20,3,1,2,2,0,0,0,0
20230605231132,80,4,33,12,0,3,-1,60,0,0,0
20230605231160,76,1,34,-1,0,4,-1,0,0,0,-1
20230605231204,85,4,33,2,0,4,-1,60,0,0,0
20230605231222,53,4,22,3,1,2,2,0,0,0,0
20230605231316,77,4,33,7,0,3,-1,0,0,0,0
20230605231394,64,4,33,10,0,4,-1,0,0,0,0
20230605231395,85,1,34,-1,0,3,-1,60,0,0,-1
20230605231460,78,1,39,-1,0,6,-1,0,0,0,-1
20230605231539,85,4,33,4,0,2,-1,60,0,0,0
20230605231544,69,2,33,-1,0,5,-1,0,0,0,-1
20230605231580,74,1,43,-1,0,3,-1,0,0,0,-1
20230605231586,67,1,43,-1,0,3,-1,0,0,0,-1
20230605231600,85,4,34,3,0,4,-1,60,0,0,0
20230605231681,67,4,49,5,0,3,-1,0,0,0,0
20230605231702,65,4,33,3,0,4,-1,0,0,0,0
20230605231702,66,4,34,3,0,5,-1,0,0,0,0
20230605231705,85,4,33,10,0,3,-1,60,0,0,0
20230605231715,69,4,24,3,1,2,2,0,0,0,0
20230605231722,80,1,47,-1,0,3,-1,60,0,0,-1
20230605231739,85,4,34,20,0,3,-1,60,0,0,0
20230605231760,85,4,33,10,0,3,-1,0,0,0,0
20230605231774,63,4,33,9,0,4,-1,0,0,0,0
20230605231774,54,3,34,-1,0,5,-1,0,0,0,-1
20230605231798,85,4,20,5,1,2,2,60,0,0,0
20230605231804,85,4,39,10,0,3,-1,60,0,0,0
20230605231904,80,4,56,5,0,2,-1,60,0,0,0
20230605231905,79,1,41,-1,0,3,-1,0,0,0,-1
20230605231930,78,4,33,2,0,3,-1,0,0,0,0
20230605232023,85,4,39,2,0,3,-1,60,0,0,0
20230605232032,85,1,34,-1,0,5,-1,60,0,0,-1
20230605232053,85,4,34,20,0,3,-1,60,0,0,0
20230605232053,79,4,38,10,0,4,-1,0,0,0,0
20230605232065,73,4,25,3,1,3,3,0,0,0,0
20230605232100,85,1,33,-1,0,2,-1,60,0,0,-1
20230605232116,67,1,44,-1,0,2,-1,0,0,0,-1
20230605232116,80,2,44,-1,0,3,-1,60,0,0,-1
20230605232144,78,1,43,-1,0,3,-1,0,0,0,-1
20230605232144,76,1,44,-1,0,4,-1,0,0,0,-1
20230605232147,74,4,44,5,0,3,-1,0,0,0,0
20230605232274,78,4,33,15,0,4,-1,0,0,0,0
20230605232278,80,4,38,3,0,2,-1,0,0,0,0
20230605232278,80,3,43,-1,0,3,-1,60,0,0,-1
20230605232280,72,4,20,20,1,2,2,0,0,0,0
20230605232293,85,4,20,5,1,2,2,0,0,0,0
20230605232333,80,4,33,7,0,4,-1,60,0,0,0
20230605232333,80,4,34,7,0,5,-1,0,0,0,0
20230606230039,71,2,49,-1,0,7,-1,0,0,0,-1
20230606230850,80,3,39,-1,0,3,-1,0,0,0,-1
20230606231044,85,1,48,-1,0,6,-1,60,0,0,-1
20230606231151,66,1,33,-1,0,5,-1,0,0,0,-1
20230606231183,79,3,33,-1,0,4,-1,0,0,0,-1
20230606231272,66,4,24,6,1,2,2,0,0,0,0
20230606231488,63,3,24,-1,1,2,2,0,0,0,-1
20230606231600,77,3,33,-1,0,3,-1,0,0,0,-1
20230606231699,79,4,20,2,1,2,2,0,0,0,0
20230606231769,80,4,38,2,0,2,-1,0,0,0,42
20230606231769,78,4,38,1,0,3,-1,0,0,0,42
20230606231871,67,4,40,1,0,7,-1,0,0,0,0
20230606231871,67,4,39,1,0,8,-1,0,0,0,0
20230606231913,68,4,41,3,0,8,-1,0,0,0,0
20230606232148,61,2,34,-1,0,2,-1,0,0,0,-1
20230704230703,85,4,33,15,0,3,-1,60,0,0,0
20230704230789,85,4,47,2,0,4,-1,60,0,0,0
20230704230904,80,4,33,5,0,4,-1,0,0,0,0
20230704231972,77,2,33,-1,0,4,-1,0,0,0,-1
20230704231972,85,4,39,6,0,5,-1,0,0,0,0
20230704231972,85,4,40,3,0,6,-1,0,0,0,0
20230704231972,33,4,22,12,1,3,3,0,0,0,0
20230705230576,75,2,34,-1,0,5,-1,0,0,0,-1
20230705230687,65,4,38,3,0,3,-1,0,0,0,0
20230705230695,58,4,36,2,0,2,-1,0,0,0,0
20230705230769,85,4,47,2,0,6,-1,60,0,0,0
20230705230769,85,4,48,2,0,7,-1,60,0,0,0
20230705230772,72,4,39,8,0,7,-1,0,0,0,0
20230705230772,80,4,34,8,0,8,-1,0,0,0,0
20230705230772,68,4,39,3,0,9,-1,0,0,0,0
20230705230772,71,4,40,3,0,10,-1,0,0,0,0
20230705230832,85,4,33,10,0,3,-1,60,0,0,0
20230705230905,85,2,35,-1,0,4,-1,60,0,0,-1
20230705230916,66,4,39,3,0,5,-1,0,0,0,0
20230705230916,62,4,41,2,0,6,-1,0,0,0,0
20230705230999,65,4,56,5,0,3,-1,0,0,0,0
20230705231248,55,3,33,-1,0,3,-1,0,0,0,-1
20230705231258,80,4,33,2,0,5,-1,0,0,0,43
20230705231258,80,4,34,2,0,6,-1,0,0,0,43
20230705231437,71,4,33,10,0,4,-1,0,0,0,0
20230705231437,73,4,34,10,0,5,-1,0,0,0,0
20230705231475,76,4,20,2,1,2,2,0,0,0,0
20230705231641,85,4,40,2,0,3,-1,60,0,0,0
20230705231669,63,3,33,-1,0,5,-1,0,0,0,-1
20230705231730,80,1,33,-1,0,2,-1,60,0,0,-1
20230705231778,69,4,34,10,0,5,-1,0,0,0,0
20230705231864,80,4,34,6,0,3,-1,60,0,0,0
20230705231908,60,4,56,7,0,4,-1,0,0,0,0
20230705231908,60,4,56,2,0,5,-1,0,0,0,0
20230705231908,60,4,56,2,0,6,-1,0,0,0,0
20230705231908,60,4,56,2,0,7,-1,0,0,0,0
20230705231908,60,4,56,2,0,8,-1,0,0,0,0
20230705231973,80,4,34,5,0,2,-1,0,0,0,0
20230705232028,80,2,34,-1,0,5,-1,60,0,0,-1
20230705232167,80,4,20,3,1,2,2,0,0,0,0
20230705232185,85,3,33,-1,0,4,-1,60,0,0,-1
20230705232275,72,4,34,3,0,4,-1,0,0,0,0
20230705232275,71,2,49,-1,0,5,-1,0,0,0,-1
20230705232275,85,2,49,-1,0,6,-1,61,0,0,-1
20230705232275,64,2,49,-1,0,7,-1,42,0,0,-1
20230705232283,75,4,29,5,1,2,2,0,0,0,0
20230705232351,73,3,44,-1,0,4,-1,0,0,0,-1
20230705232351,85,1,44,-1,0,5,-1,60,0,0,-1
20230705232351,80,4,43,2,0,6,-1,60,0,0,0
20230705232351,75,4,44,5,0,7,-1,0,0,0,0
20230706230022,59,4,33,8,0,5,-1,0,0,0,0
20230706230022,65,4,34,8,0,6,-1,0,0,0,0
20230706230023,85,4,24,5,1,2,2,0,0,0,0
20230706230029,64,4,20,6,1,2,2,0,0,0,0
20230706230044,85,4,33,10,0,4,-1,0,0,0,0
20230706230104,85,3,48,-1,0,3,-1,60,0,0,-1
20230706230119,59,4,47,3,0,5,-1,0,0,0,0
20230706230119,64,4,48,3,0,6,-1,0,0,0,0
20230706230287,85,4,48,1,0,6,-1,61,0,0,0
20230706230520,63,1,30,-1,1,2,2,0,0,0,-1
20230706230548,70,1,33,-1,0,6,-1,0,0,0,-1
20230706230550,74,4,24,3,1,2,2,0,0,0,0
20230706230567,80,4,34,2,0,3,-1,0,0,0,0
20230706230623,80,4,33,4,0,3,-1,60,0,0,0
20230706230632,80,2,26,-1,1,3,3,0,0,0,-1
20230706230637,76,3,38,-1,0,3,-1,0,0,0,-1
20230706230637,80,3,49,-1,0,4,-1,60,0,0,-1
20230706230645,64,4,25,2,1,2,2,0,0,0,0
20230706230665,85,4,33,10,0,3,-1,0,0,0,0
20230706230686,85,4,33,6,0,4,-1,60,0,0,0
20230706230709,80,4,33,2,0,2,-1,60,0,0,0
20230706230730,80,4,33,2,0,3,-1,60,0,0,0
20230706230743,80,4,43,6,0,3,-1,60,0,0,0
20230706230756,77,1,43,-1,0,2,-1,0,0,0,-1
20230706230756,72,1,43,-1,0,3,-1,0,0,0,-1
20230706230756,60,1,43,-1,0,4,-1,0,0,0,-1
20230706230756,57,1,49,-1,0,5,-1,0,0,0,-1
20230706230756,65,1,38,-1,0,6,-1,0,0,0,-1
20230706230773,60,1,20,-1,1,2,2,0,0,0,-1
20230706230794,64,4,37,1,0,2,-1,0,0,0,0
20230706230802,85,2,43,-1,0,2,-1,60,0,0,-1
20230706230875,80,4,43,3,0,2,-1,0,0,0,0
20230706230875,80,4,43,3,0,3,-1,0,0,0,0
20230706230879,85,4,40,3,0,3,-1,60,0,0,0
20230706230881,75,4,20,2,1,2,2,0,0,0,0
20230706230884,85,4,33,6,0,3,-1,0,0,0,0
20230706230884,85,4,34,5,0,4,-1,60,0,0,0
20230706230889,75,4,44,2,0,3,-1,42,0,0,0
20230706230889,76,4,44,2,0,4,-1,0,0,0,0
20230706230897,85,4,33,4,0,3,-1,60,0,0,0
20230706230902,85,3,48,-1,0,5,-1,0,0,0,-1
20230706230933,85,4,33,8,0,3,-1,60,0,0,0
20230706230933,85,4,34,8,0,4,-1,60,0,0,0
20230706230996,75,4,43,3,0,2,-1,0,0,0,0
20230706230996,70,3,43,-1,0,3,-1,0,0,0,-1
20230706231025,80,1,33,-1,0,3,-1,60,0,0,-1
20230706231025,85,1,34,-1,0,4,-1,0,0,0,-1
20230706231033,71,4,38,10,0,3,-1,0,0,0,0
20230706231039,80,4,33,3,0,2,-1,0,0,0,0
20230706231039,80,4,34,3,0,3,-1,60,0,0,0
20230706231132,80,4,24,15,1,2,2,0,0,0,0
20230706231150,77,3,20,-1,1,2,2,0,0,0,-1
20230706231165,74,4,39,4,0,3,-1,0,0,0,0
20230706231165,66,3,41,-1,0,4,-1,0,0,0,-1
20230706231168,80,2,43,-1,0,3,-1,60,0,0,-1
20230706231206,71,1,39,-1,0,5,-1,0,0,0,-1
20230706231226,85,4,33,20,0,2,-1,60,0,0,0
20230706231232,72,1,20,-1,1,2,2,0,0,0,-1
20230706231253,74,4,38,4,0,3,-1,0,0,0,0
20230706231268,80,4,33,4,0,7,-1,60,0,0,0
20230706231294,85,4,20,10,1,2,2,0,0,0,0
20230706231307,72,4,41,10,0,8,-1,0,0,0,0
20230706231332,85,4,34,5,0,2,-1,60,0,0,0
20230706231335,85,4,20,4,1,2,2,60,0,0,0
20230706231462,80,4,33,6,0,4,-1,60,0,0,0
20230706231466,80,1,40,-1,0,5,-1,60,0,0,-1
20230706231490,61,4,33,4,0,2,-1,0,0,0,0
20230706231490,77,4,34,4,0,3,-1,0,0,0,0
20230706231528,66,1,34,-1,0,2,-1,0,0,0,-1
20230706231537,56,4,28,2,1,2,2,0,0,0,0
20230706231565,85,4,24,2,1,2,2,60,0,0,0
20230706231566,75,1,44,-1,0,4,-1,0,0,0,-1
20230706231569,80,1,20,-1,1,2,2,0,0,0,-1
20230706231608,78,4,33,6,0,4,-1,0,0,0,0
20230706231628,85,4,47,2,0,3,-1,60,0,0,0
20230706231633,75,1,34,-1,0,3,-1,0,0,0,-1
20230706231691,85,2,33,-1,0,5,-1,60,0,0,-1
20230706231691,85,2,34,-1,0,6,-1,60,0,0,-1
20230706231702,76,2,43,-1,0,2,-1,0,0,0,-1
20230706231702,51,4,43,3,0,3,-1,0,0,0,0
20230706231709,85,4,41,20,0,3,-1,60,0,0,0
20230706231709,64,4,49,7,0,4,-1,0,0,0,0
20230706231723,79,1,44,-1,0,2,-1,0,0,0,-1
20230706231723,76,1,44,-1,0,3,-1,0,0,0,-1
20230706231756,80,1,43,-1,0,3,-1,60,0,0,-1
20230706231756,85,4,34,7,0,4,-1,60,0,0,0
20230706231767,80,4,34,7,0,2,-1,60,0,0,0
20230706231800,80,3,33,-1,0,2,-1,60,0,0,-1
20230706231800,85,1,40,-1,0,3,-1,0,0,0,-1
20230706231817,80,3,20,-1,1,2,2,0,0,0,-1
20230706231838,65,2,33,-1,0,5,-1,0,0,0,-1
20230706231855,56,4,43,3,0,3,-1,0,0,0,0
20230706231855,80,1,44,-1,0,4,-1,0,0,0,-1
20230706231874,85,2,39,-1,0,4,-1,60,0,0,-1
20230706231878,80,1,39,-1,0,3,-1,60,0,0,-1
20230706231905,85,4,33,10,0,3,-1,60,0,0,0
20230706231909,65,4,43,3,0,3,-1,0,0,0,0
20230706231930,71,4,20,1,1,2,2,0,0,0,0
20230706231949,85,4,47,5,0,4,-1,0,0,0,0
20230706231979,53,1,34,-1,0,4,-1,0,0,0,-1
20230706231999,80,4,42,5,0,2,-1,60,0,0,0
20230706231999,85,4,43,3,0,3,-1,60,0,0,0
20230706231999,65,4,42,10,0,4,-1,0,0,0,0
20230706232038,80,4,33,6,0,2,-1,60,0,0,0
20230706232038,85,4,34,5,0,3,-1,60,0,0,0
20230706232049,85,4,33,2,0,2,-1,60,0,0,0
20230706232089,85,4,34,4,0,3,-1,60,0,0,0
20230706232128,80,4,20,1,1,2,2,0,0,0,0
20230706232163,67,1,33,-1,0,4,-1,0,0,0,-1
20230706232183,61,4,20,2,1,2,2,0,0,0,0
20230706232234,76,3,20,-1,1,2,2,0,0,0,-1
20230706232267,85,1,56,-1,0,4,-1,60,0,0,-1
20230706232275,85,4,56,2,0,3,-1,60,0,0,0
20230706232275,85,4,56,2,0,4,-1,60,0,0,0
20230706232275,85,4,56,2,0,5,-1,60,0,0,0
20230706232275,85,4,56,2,0,6,-1,60,0,0,0
20230706232275,85,4,56,2,0,7,-1,60,0,0,0
20230706232327,85,1,33,-1,0,3,-1,60,0,0,-1
20230706232327,67,1,37,-1,0,4,-1,0,0,0,-1
20230707230220,85,4,24,4,1,2,2,60,0,0,0
20230707230693,85,4,47,9,0,2,-1,0,0,0,0
20230707230693,85,4,48,9,0,3,-1,0,0,0,0
20230707230772,80,4,33,4,0,4,-1,0,0,0,0
20230707230772,80,4,34,4,0,5,-1,60,0,0,0
20230707230772,78,4,39,4,0,6,-1,0,0,0,0
20230707230772,80,4,40,4,0,7,-1,60,0,0,0
20230707230949,76,4,38,2,0,3,-1,0,0,0,0
20230707230963,75,4,39,17,0,5,-1,0,0,0,0
20230707231140,80,4,44,1,0,2,-1,60,0,0,0
20230707231287,80,2,39,-1,0,4,-1,0,0,0,-1
20230707231308,80,1,43,-1,0,4,-1,0,0,0,-1
20230707231308,85,1,43,-1,0,5,-1,61,0,0,-1
20230707231331,80,4,43,15,0,2,-1,60,0,0,0
20230707231542,76,1,35,-1,0,2,-1,0,0,0,-1
20230707231680,85,2,20,-1,1,2,2,60,0,0,-1
20230707231793,85,3,34,-1,0,2,-1,60,0,0,-1
20230707231908,70,1,24,-1,1,2,2,0,0,0,-1
20230707231994,85,4,34,5,0,3,-1,60,0,0,0
20230707232015,80,4,47,2,0,5,-1,60,0,0,0
20230707232168,80,4,33,2,0,3,-1,60,0,0,0
20230707232168,80,4,34,2,0,4,-1,60,0,0,0
20230707232176,69,1,49,-1,0,8,-1,0,0,0,-1
20230707232196,85,4,34,4,0,3,-1,60,0,0,0
20230707232346,71,4,39,10,0,5,-1,0,0,0,0
20230805232043,85,4,24,8,1,4,4,0,0,0,0
20230806230102,53,4,24,4,1,2,2,0,0,0,0
20230806230115,67,2,47,-1,0,7,-1,0,0,0,-1
20230806230115,72,2,48,-1,0,8,-1,0,0,0,-1
20230806230304,58,2,24,-1,1,3,3,0,0,0,-1
20230806230527,85,4,44,2,0,3,-1,60,0,0,0
20230806230649,80,2,34,-1,0,4,-1,60,0,0,-1
20230806230924,85,4,20,10,1,2,2,0,0,0,0
20230806230998,85,3,47,-1,0,3,-1,60,0,0,-1
20230806230998,85,3,48,-1,0,4,-1,60,0,0,-1
20230806231112,79,1,39,-1,0,4,-1,0,0,0,-1
20230806231112,76,1,39,-1,0,5,-1,0,0,0,-1
20230806231385,73,4,43,3,0,2,-1,0,0,0,0
20230806231385,85,1,43,-1,0,3,-1,60,0,0,-1
20230806231451,85,3,33,-1,0,4,-1,60,0,0,-1
20230806231451,85,4,41,6,0,5,-1,60,0,0,0
20230806231602,85,4,33,10,0,2,-1,60,0,0,0
20230806231815,70,3,39,-1,0,5,-1,0,0,0,-1
20230806231815,72,1,33,-1,0,6,-1,0,0,0,-1
20230806231899,74,4,43,12,0,3,-1,0,0,0,0
20230806231899,76,4,44,12,0,4,-1,0,0,0,0
20230806231899,68,4,44,12,0,5,-1,0,0,0,0
20230806232111,85,3,39,-1,0,3,-1,60,0,0,-1
20230806232279,80,1,43,-1,0,3,-1,0,0,0,-1
20230806232318,85,3,39,-1,0,3,-1,60,0,0,-1
20230807230071,85,4,33,2,0,4,-1,60,0,0,0
20230807230189,80,4,33,12,0,5,-1,60,0,0,0
20230807230299,77,4,47,5,0,5,-1,0,0,0,0
20230807230526,85,3,44,-1,0,3,-1,60,0,0,-1
20230807230573,85,4,33,3,0,3,-1,60,0,0,0
20230807230579,75,4,24,4,1,4,4,0,0,0,0
20230807230594,85,4,33,5,0,3,-1,60,0,0,0
20230807230596,71,4,20,2,1,2,2,0,0,0,0
20230807230626,62,1,43,-1,0,2,-1,0,0,0,-1
20230807230691,79,3,43,-1,0,3,-1,0,0,0,-1
20230807230691,80,3,43,-1,0,4,-1,0,0,0,-1
20230807230733,85,4,33,5,0,3,-1,60,0,0,0
20230807230788,80,4,39,2,0,3,-1,60,0,0,0
20230807230807,85,4,33,2,0,4,-1,60,0,0,0
20230807230817,75,3,44,-1,0,3,-1,0,0,0,-1
20230807230820,64,4,39,5,0,4,-1,0,0,0,0
20230807230820,85,4,43,5,0,5,-1,60,0,0,0
20230807230825,80,2,47,-1,0,4,-1,0,0,0,-1
20230807230826,80,4,20,6,1,2,2,60,0,0,0
20230807230915,85,2,33,-1,0,5,-1,60,0,0,-1
20230807230929,85,4,43,3,0,2,-1,60,0,0,0
20230807230929,85,1,43,-1,0,3,-1,60,0,0,-1
20230807230971,71,3,38,-1,0,3,-1,0,0,0,-1
20230807231159,66,4,33,4,0,4,-1,0,0,0,0
20230807231163,73,4,33,15,0,3,-1,0,0,0,0
20230807231174,79,4,44,7,0,3,-1,0,0,0,0
20230807231193,85,4,33,6,0,3,-1,60,0,0,0
20230807231204,80,4,33,2,0,3,-1,60,0,0,0
20230807231204,85,4,34,2,0,4,-1,0,0,0,0
20230807231215,53,1,56,-1,0,3,-1,0,0,0,-1
20230807231255,69,4,33,15,0,4,-1,0,0,0,0
20230807231278,65,3,33,-1,0,5,-1,0,0,0,-1
20230807231278,76,4,39,5,0,6,-1,0,0,0,0
20230807231298,85,1,48,-1,0,5,-1,60,0,0,-1
20230807231341,85,4,39,10,0,4,-1,60,0,0,0
20230807231367,36,1,49,-1,0,4,-1,0,0,0,-1
20230807231395,85,4,33,8,0,3,-1,60,0,0,0
20230807231396,85,4,33,3,0,2,-1,60,0,0,42
20230807231425,80,4,43,5,0,3,-1,60,0,0,0
20230807231432,85,1,43,-1,0,3,-1,60,0,0,-1
20230807231445,85,4,33,10,0,2,-1,60,0,0,0
20230807231449,85,2,33,-1,0,3,-1,60,0,0,-1
20230807231452,85,4,20,4,1,2,2,0,0,0,0
20230807231458,76,4,33,2,0,2,-1,0,0,0,0
20230807231458,76,3,34,-1,0,3,-1,0,0,0,-1
20230807231498,80,4,33,5,0,4,-1,60,0,0,0
20230807231502,85,4,33,7,0,2,-1,60,0,0,0
20230807231562,85,4,40,15,0,3,-1,60,0,0,0
20230807231606,85,2,24,-1,1,3,3,0,0,0,-1
20230807231650,69,1,33,-1,0,4,-1,0,0,0,-1
20230807231661,80,4,33,2,0,2,-1,60,0,0,0
20230807231678,80,3,40,-1,0,3,-1,60,0,0,-1
20230807231794,70,4,44,2,0,2,-1,0,0,0,0
20230807231794,75,1,44,-1,0,3,-1,0,0,0,-1
20230807231794,75,1,44,-1,0,4,-1,0,0,0,-1
20230807231794,80,1,44,-1,0,5,-1,0,0,0,-1
20230807231794,80,1,44,-1,0,6,-1,0,0,0,-1
20230807231820,85,4,24,6,1,2,2,60,0,0,0
20230807231850,79,4,33,2,0,4,-1,0,0,0,0
20230807231854,80,4,33,3,0,3,-1,60,0,0,0
20230807231860,80,4,20,5,1,2,2,0,0,0,0
20230807231880,85,4,33,2,0,2,-1,60,0,0,0
20230807231882,80,2,49,-1,0,3,-1,60,0,0,-1
20230807231882,80,2,49,-1,0,4,-1,60,0,0,-1
20230807231927,69,4,37,3,0,3,-1,0,0,0,0
20230807231940,80,4,33,10,0,4,-1,60,0,0,0
20230807232009,85,2,47,-1,0,2,-1,60,0,0,-1
20230807232039,70,4,43,2,0,4,-1,0,0,0,0
20230807232084,74,3,20,-1,1,2,2,0,0,0,-1
20230807232089,80,4,33,5,0,3,-1,60,0,0,0
20230807232098,85,1,47,-1,0,3,-1,60,0,0,-1
20230807232149,68,4,39,5,0,4,-1,0,0,0,0
20230807232194,70,1,33,-1,0,5,-1,0,42,0,-1
20230807232194,78,4,34,3,0,6,-1,0,42,0,42
20230807232201,80,4,41,12,0,2,-1,60,0,0,0
20230807232258,85,4,40,2,0,3,-1,60,0,0,0
20230807232317,85,4,44,10,0,2,-1,60,0,0,0
20230807232373,80,1,33,-1,0,4,-1,60,0,0,-1
20230807232373,80,1,34,-1,0,5,-1,60,0,0,-1
20230807232380,75,2,56,-1,0,2,-1,0,0,0,-1
20230808230800,85,4,34,3,0,2,-1,60,0,0,0
20230808230992,70,4,43,2,0,2,-1,0,0,0,0
20230808230992,85,3,56,-1,0,3,-1,0,0,0,-1
20230808230992,85,2,56,-1,0,4,-1,60,0,0,-1
20230808231279,61,4,20,2,1,2,2,0,0,0,0
20230808231401,65,2,43,-1,0,4,-1,0,0,0,-1
20230808231713,85,4,33,9,0,3,-1,60,0,0,0
20230808231747,67,1,43,-1,0,3,-1,0,0,0,-1
20230808232012,85,4,48,20,0,5,-1,0,0,0,0
20230808232256,85,2,56,-1,0,3,-1,60,0,0,-1
20230808232256,85,1,56,-1,0,4,-1,60,0,0,-1
20230808232256,85,1,56,-1,0,5,-1,60,0,0,-1
20230808232291,85,4,20,5,1,2,2,0,0,0,0
20230907230647,80,4,33,15,0,7,-1,60,0,43,0
20230907230647,78,4,34,7,0,8,-1,0,0,43,0
20230907230987,64,4,39,7,0,5,-1,42,0,0,0
20230907231033,80,4,47,4,0,5,-1,60,0,0,0
20230907231033,85,4,48,4,0,6,-1,0,0,0,0
20230907231246,69,4,20,1,1,2,2,0,0,0,0
20230907231336,85,4,33,2,0,3,-1,60,0,0,0
20230907231441,29,4,22,29,1,2,2,0,0,0,0
20230907231608,58,4,28,3,1,2,2,0,0,0,0
20230907231712,80,4,43,1,0,2,-1,60,0,0,0
20230907231892,78,2,26,-1,1,2,2,0,0,0,-1
20230907232118,64,4,39,2,0,4,-1,0,0,0,0
20230907232118,65,4,40,2,0,5,-1,0,0,0,0
20230907232192,74,4,44,2,0,2,-1,0,0,0,0
20230907232269,80,4,34,3,0,3,-1,0,0,0,0
20230908230044,85,4,20,2,1,2,2,60,0,0,0
20230908230085,85,2,34,-1,0,3,-1,60,0,0,-1
20230908230520,80,4,24,8,1,2,2,0,0,0,0
20230908230550,69,2,20,-1,1,2,2,0,0,0,-1
20230908230680,57,4,39,2,0,8,-1,0,0,0,0
20230908230702,61,3,56,-1,0,5,-1,43,43,0,-1
20230908230716,85,4,33,1,0,3,-1,60,0,0,0
20230908230740,85,4,49,4,0,2,-1,60,0,0,0
20230908230760,66,4,33,2,0,5,-1,0,0,0,0
20230908230760,68,4,34,2,0,6,-1,0,0,0,0
20230908230760,63,3,39,-1,0,7,-1,0,0,0,-1
20230908230760,66,4,40,2,0,8,-1,0,0,0,0
20230908230772,51,4,20,2,1,2,2,0,0,0,0
20230908230773,85,3,34,-1,0,3,-1,60,0,0,-1
20230908230773,80,3,33,-1,0,4,-1,60,0,0,-1
20230908230783,73,4,26,5,1,4,4,0,0,0,0
20230908230806,78,1,40,-1,0,6,-1,0,0,0,-1
20230908230806,80,1,39,-1,0,7,-1,60,0,0,-1
20230908230813,80,4,43,3,0,2,-1,60,0,0,0
20230908230871,85,4,47,4,0,4,-1,60,0,0,0
20230908230871,80,4,47,4,0,5,-1,60,0,0,0
20230908230882,85,4,56,2,0,2,-1,60,0,0,0
20230908230882,85,4,56,2,0,3,-1,60,0,0,0
20230908230882,85,4,56,2,0,4,-1,60,0,0,0
20230908230882,85,4,56,2,0,5,-1,60,0,0,0
20230908230933,85,4,35,6,0,2,-1,60,0,0,0
20230908230937,75,4,33,1,0,3,-1,0,0,0,0
20230908230937,80,4,34,1,0,4,-1,60,0,0,0
20230908230937,75,1,39,-1,0,5,-1,0,0,0,-1
20230908230937,51,1,20,-1,1,2,2,0,0,0,-1
20230908230976,75,4,34,2,0,6,-1,0,0,0,0
20230908230998,85,4,33,2,0,3,-1,60,0,0,0
20230908231012,85,4,33,2,0,2,-1,60,0,0,0
20230908231064,37,4,56,2,0,2,-1,0,0,0,0
20230908231101,52,4,39,8,0,5,-1,0,0,0,0
20230908231111,80,1,39,-1,0,4,-1,0,0,0,-1
20230908231158,80,4,33,2,0,6,-1,60,0,0,0
20230908231237,59,4,33,3,0,2,-1,0,0,0,0
20230908231300,85,4,40,4,0,3,-1,60,0,0,0
20230908231300,85,3,44,-1,0,4,-1,61,0,0,-1
20230908231322,85,1,48,-1,0,3,-1,60,0,0,-1
20230908231322,69,4,33,2,0,4,-1,0,0,0,0
20230908231325,74,2,43,-1,0,2,-1,0,0,0,-1
20230908231328,62,3,49,-1,0,2,-1,0,0,0,-1
20230908231356,75,2,20,-1,1,2,2,0,0,0,-1
20230908231365,73,2,35,-1,0,2,-1,0,0,0,-1
20230908231436,80,4,33,2,0,2,-1,60,0,0,42
20230908231436,54,1,49,-1,0,3,-1,0,0,0,-1
20230908231437,80,1,44,-1,0,2,-1,60,0,0,-1
20230908231441,72,1,43,-1,0,3,-1,0,0,0,-1
20230908231441,80,4,43,3,0,4,-1,60,0,0,0
20230908231557,64,3,43,-1,0,3,-1,0,0,0,-1
20230908231563,79,3,33,-1,0,3,-1,0,0,0,-1
20230908231563,80,4,34,3,0,4,-1,60,0,0,0
20230908231566,65,4,43,3,0,3,-1,0,0,0,0
20230908231566,55,4,43,3,0,4,-1,0,0,0,0
20230908231580,85,4,33,8,0,4,-1,60,0,0,0
20230908231617,85,4,33,7,0,2,-1,60,0,0,0
20230908231717,75,4,44,2,0,2,-1,0,0,0,0
20230908231721,80,4,39,1,0,3,-1,0,0,0,0
20230908231721,60,1,43,-1,0,4,-1,0,0,0,-1
20230908231726,85,4,33,2,0,3,-1,60,0,0,0
20230908231741,85,4,33,3,0,2,-1,60,0,0,0
20230908231779,85,4,56,4,0,3,-1,0,0,0,0
20230908231779,85,4,56,4,0,4,-1,60,0,0,0
20230908231798,85,1,33,-1,0,3,-1,60,0,0,-1
20230908231838,50,2,41,-1,0,2,-1,0,0,0,-1
20230908231853,75,1,37,-1,0,3,-1,0,0,0,-1
20230908231853,73,3,56,-1,0,4,-1,0,0,0,-1
20230908231863,80,4,33,3,0,3,-1,60,0,0,0
20230908231863,80,4,34,3,0,4,-1,60,0,0,0
20230908231877,79,4,33,3,0,2,-1,0,0,0,0
20230908231884,65,3,35,-1,0,7,-1,0,0,0,-1
20230908231943,85,4,33,2,0,3,-1,0,0,0,0
20230908231943,59,4,25,2,1,2,2,0,0,0,0
20230908232003,73,4,39,2,0,6,-1,0,0,0,0
20230908232006,85,3,33,-1,0,3,-1,0,0,0,-1
20230908232011,85,4,33,2,0,3,-1,60,0,0,0
20230908232011,85,4,34,2,0,4,-1,60,0,0,0
20230908232046,77,4,39,7,0,7,-1,0,0,0,0
20230908232046,80,4,40,7,0,8,-1,60,0,0,0
20230908232066,85,3,24,-1,1,2,2,60,0,0,-1
20230908232083,70,4,43,2,0,3,-1,0,0,0,0
20230908232089,73,3,43,-1,0,3,-1,0,0,0,-1
20230908232113,60,3,43,-1,0,3,-1,0,0,0,-1
20230908232167,74,3,20,-1,1,2,2,0,0,0,-1
20230908232168,85,4,33,3,0,3,-1,60,0,0,0
20230908232168,80,4,56,3,0,4,-1,60,0,0,0
20230908232169,70,4,38,20,0,3,-1,0,0,0,0
20230908232206,80,3,34,-1,0,2,-1,0,0,0,-1
20230908232206,78,3,33,-1,0,3,-1,0,0,0,-1
20230908232233,61,4,24,2,1,2,2,0,0,0,0
20230908232237,80,3,20,-1,1,2,2,0,0,0,-1
20230908232248,75,2,43,-1,0,2,-1,0,0,0,-1
20230908232249,79,1,49,-1,0,6,-1,0,0,0,-1
20230908232266,85,1,41,-1,0,3,-1,60,0,0,-1
20230908232266,85,4,39,2,0,4,-1,60,0,0,0
20230908232293,61,1,43,-1,0,2,-1,0,0,0,-1
20230908232300,55,4,20,3,1,2,2,0,0,0,0
20230908232304,80,4,43,2,0,2,-1,60,0,0,0
20230908232304,74,1,37,-1,0,3,-1,0,0,0,-1
20230908232336,80,3,40,-1,0,4,-1,0,0,0,-1
20230908232336,77,4,33,3,0,5,-1,0,0,0,0
20230908232390,60,3,20,-1,1,2,2,0,0,0,-1
20230909230148,80,4,47,13,0,5,-1,60,0,0,0
20230909230605,85,1,33,-1,0,3,-1,60,0,0,-1
20230909230892,85,4,33,5,0,3,-1,60,0,0,0
20230909230892,62,4,38,5,0,4,-1,0,0,0,0
20230909230943,80,4,40,3,0,3,-1,60,0,0,0
20230909231038,85,3,44,-1,0,3,-1,60,0,0,-1
20230909231056,85,3,41,-1,0,2,-1,60,0,0,-1
20230909231056,85,4,42,4,0,3,-1,60,0,0,0
20230909231131,71,4,24,8,1,2,2,0,0,0,0
20230909231281,70,4,20,2,1,2,2,0,0,0,0
20230909231631,77,4,47,3,0,3,-1,0,0,0,0
20230909231631,80,4,48,2,0,4,-1,60,0,0,0
20230909231740,80,4,47,15,0,3,-1,60,0,0,0
20230909231917,80,4,43,3,0,3,-1,60,0,0,0
20230909231924,80,4,37,3,0,2,-1,60,0,0,0
20231007230628,37,4,49,20,0,3,-1,0,0,0,0
20231008230556,85,4,33,4,0,3,-1,60,0,0,0
20231008230725,80,3,33,-1,0,4,-1,60,0,0,-1
20231008230725,85,4,39,2,0,5,-1,0,0,0,0
20231008230755,85,2,20,-1,1,2,2,0,0,0,-1
20231008230793,80,2,34,-1,0,6,-1,60,0,0,-1
20231008230793,80,3,24,-1,1,3,3,0,0,0,-1
20231008230859,76,4,49,5,0,5,-1,0,0,0,0
20231008230878,85,4,43,5,0,4,-1,60,0,0,0
20231008230878,85,4,43,1,0,5,-1,60,0,0,0
20231008230878,85,4,43,2,0,6,-1,0,0,0,0
20231008230878,77,3,43,-1,0,7,-1,0,0,0,-1
20231008231144,78,4,33,2,0,4,-1,0,0,0,0
20231008231216,76,3,24,-1,1,5,5,0,0,0,-1
20231008231251,63,4,41,5,0,6,-1,0,0,0,0
20231008231375,78,4,24,5,1,2,2,0,0,0,0
20231008231434,80,2,24,-1,1,2,2,60,0,0,-1
20231008231497,80,4,43,2,0,5,-1,60,0,0,0
20231008231517,85,4,33,2,0,3,-1,0,0,0,0
20231008231517,85,4,34,2,0,4,-1,60,0,0,0
20231008231553,65,4,20,15,1,2,2,0,0,0,0
20231008231644,85,4,33,2,0,3,-1,60,0,0,0
20231008231728,73,2,33,-1,0,3,-1,0,0,0,-1
20231008231728,75,2,34,-1,0,4,-1,0,0,0,-1
20231008231823,80,1,20,-1,1,2,2,0,0,0,-1
20231008232020,80,2,34,-1,0,2,-1,60,0,0,-1
20231008232020,85,4,44,4,0,3,-1,60,0,0,0
20231008232045,72,2,43,-1,0,3,-1,0,0,0,-1
20231008232045,75,4,43,5,0,4,-1,0,0,0,0
20231008232045,71,1,43,-1,0,5,-1,0,0,0,-1
20231008232155,61,4,20,15,1,3,3,0,0,0,0
20231008232340,73,1,34,-1,0,5,-1,0,0,0,-1
20231008232375,71,4,40,4,0,5,-1,0,0,0,0
20231008232387,85,4,47,4,0,3,-1,60,0,0,0
20231009230087,85,2,42,-1,0,3,-1,60,0,0,-1
20231009230087,80,4,43,4,0,4,-1,60,0,0,0
20231009230087,85,1,41,-1,0,5,-1,60,0,0,-1
20231009230242,55,4,47,4,0,5,-1,43,0,0,0
20231009230500,70,3,56,-1,0,5,-1,0,0,0,-1
20231009230500,70,4,24,5,1,3,3,0,0,0,0
20231009230540,85,1,34,-1,0,2,-1,60,0,0,-1
20231009230580,60,4,33,2,0,4,-1,0,0,0,0
20231009230626,85,4,26,10,1,2,2,0,0,0,0
20231009230663,77,4,44,5,0,3,-1,0,0,0,0
20231009230683,68,4,38,18,0,4,-1,0,0,0,0
20231009230696,74,4,24,3,1,3,3,0,0,0,0
20231009230714,65,1,43,-1,0,2,-1,0,0,0,-1
20231009230746,80,4,24,5,1,2,2,0,0,0,0
20231009230755,80,4,33,3,0,2,-1,60,0,0,0
20231009230773,71,1,37,-1,0,3,-1,0,0,0,-1
20231009230776,80,4,44,2,0,2,-1,0,0,0,0
20231009230776,67,4,44,2,0,3,-1,0,0,0,0
20231009230785,66,4,39,10,0,5,-1,0,0,0,0
20231009230797,70,4,43,4,0,2,-1,0,0,0,0
20231009230820,85,3,56,-1,0,6,-1,60,0,0,-1
20231009230843,85,4,33,9,0,2,-1,60,0,0,0
20231009230855,85,4,39,5,0,3,-1,60,0,0,0
20231009230856,80,4,44,2,0,3,-1,0,0,0,0
20231009230856,80,4,44,2,0,4,-1,0,0,0,0
20231009230862,75,3,44,-1,0,3,-1,0,0,0,-1
20231009230929,80,1,56,-1,0,3,-1,0,0,0,-1
20231009230929,85,2,56,-1,0,4,-1,60,0,0,-1
20231009230929,85,1,56,-1,0,5,-1,0,0,0,-1
20231009230929,73,2,56,-1,0,6,-1,0,0,0,-1
20231009230929,85,1,56,-1,0,7,-1,60,0,0,-1
20231009230939,85,4,33,10,0,3,-1,60,0,0,0
20231009230954,75,4,20,2,1,2,2,0,0,0,0
20231009230969,76,1,38,-1,0,3,-1,0,0,0,-1
20231009230975,40,1,49,-1,0,2,-1,0,0,0,-1
20231009230994,75,3,56,-1,0,3,-1,0,0,0,-1
20231009230994,78,2,56,-1,0,4,-1,0,0,0,-1
20231009231013,72,4,35,3,0,2,-1,0,0,0,0
20231009231013,25,4,49,25,0,3,-1,0,0,0,0
20231009231013,80,4,33,10,0,4,-1,60,0,0,0
20231009231016,80,1,43,-1,0,3,-1,0,0,0,-1
20231009231016,65,4,49,2,0,4,-1,0,0,0,0
20231009231037,79,4,47,5,0,4,-1,0,0,0,0
20231009231037,58,4,33,2,0,5,-1,0,0,0,0
20231009231072,80,4,33,2,0,3,-1,60,0,0,0
20231009231108,69,4,33,4,0,3,-1,0,0,0,0
20231009231108,73,4,34,4,0,4,-1,0,0,0,0
20231009231155,79,4,33,10,0,3,-1,0,0,0,0
20231009231155,72,4,43,10,0,4,-1,0,0,0,0
20231009231155,75,4,43,10,0,5,-1,0,0,0,0
20231009231160,85,4,33,2,0,4,-1,60,0,0,0
20231009231278,85,4,33,33,0,2,-1,60,0,0,0
20231009231374,67,4,47,10,0,5,-1,0,0,0,0
20231009231374,72,4,48,10,0,6,-1,0,0,0,0
20231009231386,85,4,39,5,0,3,-1,60,0,0,0
20231009231388,68,4,38,4,0,3,-1,0,0,0,0
20231009231388,73,1,38,-1,0,4,-1,0,0,0,-1
20231009231388,75,4,44,4,0,5,-1,0,0,0,0
20231009231388,67,4,56,4,0,6,-1,0,0,0,0
20231009231388,68,4,44,4,0,7,-1,0,0,0,0
20231009231419,52,4,20,18,1,2,2,0,0,0,0
20231009231419,85,4,26,3,1,3,3,0,0,0,0
20231009231419,68,4,25,7,1,4,4,0,0,0,0
20231009231445,85,4,33,10,0,2,-1,60,0,0,0
20231009231445,85,4,34,10,0,3,-1,60,0,0,0
20231009231474,78,3,33,-1,0,7,-1,0,0,0,-1
20231009231474,76,1,39,-1,0,8,-1,0,0,0,-1
20231009231474,80,4,34,5,0,9,-1,0,0,0,0
20231009231526,46,1,43,-1,0,3,-1,0,0,0,-1
20231009231526,78,1,34,-1,0,4,-1,0,0,0,-1
20231009231556,71,2,26,-1,1,3,3,0,0,0,-1
20231009231580,85,4,33,1,0,2,-1,60,0,0,0
20231009231615,85,4,33,14,0,2,-1,60,0,0,0
20231009231639,65,4,43,4,0,2,-1,0,0,0,0
20231009231649,79,4,34,3,0,4,-1,0,0,0,0
20231009231649,74,4,33,3,0,5,-1,0,0,0,0
20231009231649,79,4,41,2,0,6,-1,0,0,0,0
20231009231662,66,4,33,2,0,4,-1,0,0,0,0
20231009231724,85,4,24,9,1,2,2,0,0,0,0
20231009231758,68,2,24,-1,1,5,5,0,0,0,-1
20231009231758,71,4,24,2,1,6,6,0,0,0,0
20231009231770,80,2,24,-1,1,2,2,60,0,0,-1
20231009231777,85,4,33,2,0,2,-1,60,0,0,0
20231009231795,64,4,39,7,0,6,-1,0,0,0,0
20231009231820,85,2,40,-1,0,6,-1,0,0,0,-1
20231009231820,85,1,43,-1,0,7,-1,0,0,0,-1
20231009231825,80,1,33,-1,0,4,-1,60,0,0,-1
20231009231825,71,3,44,-1,0,5,-1,0,0,0,-1
20231009231867,67,4,26,2,1,2,2,0,0,0,0
20231009231934,85,4,44,5,0,3,-1,60,0,0,0
20231009231941,79,4,33,5,0,3,-1,0,0,0,0
20231009231977,57,4,37,30,0,2,-1,0,0,0,0
20231009231977,75,3,43,-1,0,3,-1,0,0,0,-1
20231009231990,85,4,48,2,0,2,-1,60,0,0,0
20231009231992,78,4,44,2,0,3,-1,0,0,0,0
20231009231992,70,4,44,2,0,4,-1,0,0,0,0
20231009232002,85,3,33,-1,0,3,-1,60,0,0,-1
20231009232008,85,4,33,2,0,2,-1,60,0,0,0
20231009232030,85,4,34,4,0,3,-1,60,0,0,0
20231009232030,71,4,20,6,1,2,2,0,0,0,0
20231009232047,85,4,24,10,1,2,2,0,0,0,0
20231009232055,65,4,43,2,0,2,-1,0,0,0,0
20231009232085,74,2,43,-1,0,3,-1,0,0,0,-1
20231009232088,76,1,24,-1,1,2,2,0,0,0,-1
20231009232106,85,4,56,2,0,3,-1,60,0,0,0
20231009232106,78,4,56,2,0,4,-1,0,0,0,0
20231009232116,80,1,44,-1,0,3,-1,0,0,0,-1
20231009232122,68,4,20,10,1,2,2,0,0,0,0
20231009232170,79,4,49,2,0,3,-1,0,0,0,0
20231009232170,80,4,20,3,1,2,2,0,0,0,0
20231009232185,76,1,24,-1,1,5,5,0,0,0,-1
20231009232204,80,3,43,-1,0,2,-1,0,0,0,-1
20231009232204,80,3,43,-1,0,3,-1,0,0,0,-1
20231009232204,80,3,43,-1,0,4,-1,0,0,0,-1
20231009232204,80,3,43,-1,0,5,-1,0,0,0,-1
20231009232217,85,4,47,6,0,3,-1,0,0,0,0
20231009232217,85,4,48,3,0,4,-1,60,0,0,0
20231009232226,79,2,33,-1,0,3,-1,0,0,0,-1
20231009232226,80,2,34,-1,0,4,-1,60,0,0,-1
20231009232231,85,4,56,10,0,3,-1,60,0,0,0
20231009232235,80,3,47,-1,0,4,-1,0,0,0,-1
20231009232239,85,2,33,-1,0,3,-1,60,0,0,-1
20231009232239,64,4,20,2,1,2,2,0,0,0,0
20231009232241,85,4,33,5,0,3,-1,60,0,0,0
20231009232241,80,4,56,5,0,4,-1,0,0,0,0
20231009232271,72,3,20,-1,1,2,2,0,0,0,-1
20231009232317,85,4,33,8,0,2,-1,60,0,0,0
20231010230096,85,4,24,2,1,2,2,0,0,0,0
20231010230137,52,3,47,-1,0,9,-1,0,0,0,-1
20231010230289,76,4,47,2,0,4,-1,0,0,0,0
20231010230708,85,3,43,-1,0,4,-1,60,0,0,-1
20231010230743,75,4,33,5,0,2,-1,0,0,0,0
20231010230749,85,2,33,-1,0,2,-1,60,0,0,-1
20231010230926,85,4,42,5,0,4,-1,60,0,0,0
20231010230926,85,4,24,2,1,3,3,0,0,0,0
20231010230956,80,1,49,-1,0,5,-1,60,0,0,-1
20231010230956,58,4,44,4,0,6,-1,0,0,0,0
20231010230960,67,3,41,-1,0,2,-1,0,0,0,-1
20231010230973,71,1,43,-1,0,2,-1,0,0,0,-1
20231010231110,85,4,44,2,0,2,-1,60,0,0,0
20231010231115,74,4,43,4,0,3,-1,0,0,0,0
20231010231279,75,2,20,-1,1,2,2,0,0,0,-1
20231010231282,80,4,33,3,0,3,-1,60,0,0,0
20231010231390,77,1,41,-1,0,3,-1,0,0,0,-1
20231010231390,80,1,49,-1,0,4,-1,60,0,0,-1
20231010231390,74,1,49,-1,0,5,-1,0,0,0,-1
20231010231460,85,3,44,-1,0,3,-1,60,0,0,-1
20231010231461,72,4,34,2,0,5,-1,0,0,0,0
20231010231461,20,1,22,-1,1,3,3,0,0,0,-1
20231010231466,75,4,49,4,0,5,-1,0,0,0,0
20231010231468,71,2,40,-1,0,2,-1,0,0,0,-1
20231010231505,85,4,44,9,0,3,-1,60,0,0,0
20231010231557,62,4,20,7,1,2,2,0,0,0,0
20231010231590,79,3,40,-1,0,3,-1,0,0,0,-1
20231010231770,67,4,44,5,0,2,-1,0,0,0,0
20231010231770,65,4,44,7,0,3,-1,42,0,0,0
20231010231841,79,4,20,4,1,2,2,0,0,0,0
20231010231909,85,4,33,10,0,3,-1,60,0,0,0
20231010231909,72,2,56,-1,0,4,-1,0,0,0,-1
20231010231925,64,4,43,3,0,2,-1,0,0,0,0
20231010231996,74,4,24,5,1,2,2,0,0,0,0
20231010232285,80,4,33,1,0,3,-1,60,0,0,0
20231010232333,72,4,44,2,0,5,-1,0,0,0,42
20231109230097,71,4,33,30,0,2,-1,0,0,0,0
20231109230266,85,4,47,6,0,5,-1,60,0,0,0
20231109230586,85,4,33,20,0,2,-1,60,0,0,0
20231109230598,69,4,20,10,1,2,2,0,0,0,0
20231109230598,85,4,24,5,1,4,4,0,0,0,0
20231109230701,66,4,20,2,1,2,2,0,0,0,0
20231109230761,70,4,44,3,0,7,-1,0,0,0,42
20231109230761,85,4,44,2,0,8,-1,0,0,0,0
20231109230761,70,4,44,3,0,9,-1,0,0,0,42
20231109230761,68,4,44,3,0,10,-1,0,0,0,42
20231109230833,75,2,38,-1,0,3,-1,0,0,0,-1
20231109230886,85,4,33,2,0,5,-1,0,0,0,0
20231109230910,79,4,44,14,0,4,-1,0,0,0,0
20231109230927,85,1,43,-1,0,2,-1,60,0,0,-1
20231109230927,79,3,43,-1,0,3,-1,0,0,0,-1
20231109230927,74,4,43,5,0,4,-1,0,0,0,0
20231109230927,73,2,43,-1,0,5,-1,0,0,0,-1
20231109230953,35,4,49,35,0,2,-1,0,0,0,0
20231109230966,73,4,20,5,1,2,2,0,0,0,0
20231109230991,80,1,43,-1,0,3,-1,60,0,0,-1
20231109231018,85,1,41,-1,0,3,-1,0,0,0,-1
20231109231304,80,1,34,-1,0,3,-1,60,0,0,-1
20231109231348,71,3,20,-1,1,2,2,0,0,0,-1
20231109231350,75,4,47,4,0,2,-1,0,0,0,0
20231109231446,85,4,24,3,1,2,2,0,0,0,0
20231109231446,80,4,24,3,1,3,3,0,0,0,0
20231109231484,85,4,33,5,0,4,-1,0,0,0,0
20231109231518,85,4,33,4,0,3,-1,60,0,0,0
20231109231553,85,4,39,6,0,3,-1,60,0,0,0
20231109231638,85,2,49,-1,0,3,-1,60,0,0,-1
20231109231727,75,1,24,-1,1,3,3,0,0,0,-1
20231109231791,75,4,49,2,0,4,-1,0,0,0,0
20231109231791,74,4,20,4,1,2,2,0,0,0,0
20231109232155,85,1,40,-1,0,4,-1,60,0,0,-1
20231109232198,65,4,26,2,1,5,5,0,0,0,0
20231109232198,62,4,26,2,1,6,6,0,0,0,0
20231110230303,72,1,47,-1,0,5,-1,0,0,0,-1
20231110230526,66,4,24,2,1,2,2,0,0,0,0
20231110230548,61,2,24,-1,1,2,2,0,0,0,-1
20231110230557,66,4,24,5,1,2,2,0,0,0,0
20231110230567,80,1,38,-1,0,3,-1,0,0,0,-1
20231110230575,68,1,44,-1,0,2,-1,42,0,0,-1
20231110230575,72,1,44,-1,0,3,-1,42,0,0,-1
20231110230575,53,1,44,-1,0,4,-1,42,0,0,-1
20231110230575,85,1,44,-1,0,5,-1,61,0,0,-1
20231110230575,70,1,44,-1,0,6,-1,42,0,0,-1
20231110230578,55,4,49,55,0,3,-1,0,0,0,0
20231110230584,80,4,47,2,0,2,-1,60,0,0,42
20231110230599,85,2,20,-1,1,2,2,60,0,0,-1
20231110230687,54,1,56,-1,0,2,-1,0,0,0,-1
20231110230718,77,4,24,8,1,2,2,0,0,0,0
20231110230720,80,4,43,2,0,3,-1,60,0,0,0
20231110230720,85,1,43,-1,0,4,-1,0,0,0,-1
20231110230720,85,3,43,-1,0,5,-1,0,0,0,-1
20231110230720,79,3,43,-1,0,6,-1,0,0,0,-1
20231110230722,63,4,33,2,0,7,-1,0,0,0,0
20231110230722,80,4,44,1,0,8,-1,0,0,0,0
20231110230742,74,4,24,2,1,2,2,0,0,0,0
20231110230825,66,1,20,-1,1,2,2,0,0,0,-1
20231110230857,58,1,33,-1,0,3,-1,0,0,0,-1
20231110230867,65,4,37,2,0,5,-1,0,0,0,0
20231110230888,79,4,33,5,0,7,-1,0,0,0,0
20231110230888,80,4,34,5,0,8,-1,60,0,0,0
20231110230942,85,4,38,3,0,3,-1,60,0,0,0
20231110230951,85,2,33,-1,0,3,-1,60,0,0,-1
20231110230970,75,3,47,-1,0,4,-1,0,0,0,-1
20231110230975,78,4,20,4,1,2,2,0,0,0,0
20231110230992,70,1,33,-1,0,3,-1,0,0,0,-1
20231110230993,85,4,33,10,0,3,-1,60,0,0,0
20231110231021,73,2,39,-1,0,3,-1,0,0,0,-1
20231110231036,80,4,33,2,0,2,-1,60,0,0,0
20231110231037,85,4,33,6,0,3,-1,60,0,0,0
20231110231037,85,2,34,-1,0,4,-1,60,0,0,-1
20231110231045,67,4,20,2,1,2,2,0,0,0,0
20231110231046,85,4,34,9,0,3,-1,60,0,0,0
20231110231065,59,4,24,15,1,3,3,0,0,0,0
20231110231069,75,4,20,4,1,2,2,0,0,0,0
20231110231100,80,3,33,-1,0,3,-1,60,0,0,-1
20231110231100,85,3,41,-1,0,4,-1,60,0,0,-1
20231110231102,78,2,49,-1,0,4,-1,0,0,0,-1
20231110231181,80,4,33,3,0,7,-1,0,0,0,0
20231110231209,85,4,33,6,0,3,-1,60,0,0,42
20231110231232,85,4,43,2,0,2,-1,60,0,0,0
20231110231235,85,4,24,5,1,4,4,0,0,0,0
20231110231271,62,4,33,1,0,5,-1,0,0,0,0
20231110231271,63,4,34,1,0,6,-1,0,0,0,0
20231110231271,55,2,39,-1,0,7,-1,0,0,0,-1
20231110231306,71,3,44,-1,0,2,-1,42,0,0,-1
20231110231314,77,4,41,4,0,4,-1,0,0,0,0
20231110231323,80,4,47,2,0,4,-1,60,0,0,0
20231110231336,85,2,39,-1,0,3,-1,60,0,0,-1
20231110231354,85,4,49,2,0,2,-1,60,0,0,0
20231110231354,80,4,43,4,0,3,-1,0,43,0,42
20231110231370,75,4,33,5,0,4,-1,0,0,0,0
20231110231391,85,4,47,8,0,3,-1,60,0,0,0
20231110231391,70,4,33,4,0,4,-1,0,0,0,0
20231110231407,80,2,35,-1,0,2,-1,60,0,0,-1
20231110231562,80,1,56,-1,0,3,-1,60,0,0,-1
20231110231562,67,1,43,-1,0,4,-1,0,0,0,-1
20231110231573,70,3,43,-1,0,3,-1,0,0,0,-1
20231110231573,62,4,25,10,1,2,2,0,0,0,0
20231110231617,74,4,24,3,1,6,6,0,0,0,0
20231110231660,85,4,39,10,0,5,-1,60,0,0,0
20231110231675,80,4,24,5,1,3,3,60,0,0,0
20231110231705,77,3,39,-1,0,5,-1,0,0,0,-1
20231110231714,80,4,47,20,0,6,-1,60,0,0,0
20231110231714,63,4,41,5,0,7,-1,0,0,0,0
20231110231714,73,3,43,-1,0,8,-1,0,0,0,-1
20231110231717,76,4,33,2,0,2,-1,0,0,0,0
20231110231717,80,4,34,10,0,3,-1,0,0,0,0
20231110231744,80,4,47,2,0,4,-1,0,0,0,0
20231110231744,85,4,48,3,0,5,-1,0,0,0,0
20231110231759,65,1,37,-1,0,2,-1,0,0,0,-1
20231110231795,75,4,34,2,0,5,-1,0,0,0,0
20231110231795,73,4,33,2,0,6,-1,0,0,0,0
20231110231796,85,2,47,-1,0,2,-1,60,0,0,-1
20231110231796,65,2,34,-1,0,3,-1,0,0,0,-1
20231110231812,85,4,39,2,0,3,-1,60,0,0,0
20231110231812,85,4,40,2,0,4,-1,60,0,0,0
20231110231826,78,1,40,-1,0,3,-1,0,0,0,-1
20231110231855,55,4,33,5,0,5,-1,0,0,0,0
20231110231938,80,4,44,4,0,2,-1,60,0,0,0
20231110231938,78,4,38,3,0,3,-1,0,0,0,42
20231110231938,75,4,43,30,0,4,-1,0,0,0,0
20231110231953,79,4,20,5,1,2,2,0,0,0,0
20231110231960,80,1,44,-1,0,3,-1,0,0,0,-1
20231110231960,80,1,44,-1,0,4,-1,0,0,0,-1
20231110232001,85,4,43,4,0,3,-1,60,0,0,0
20231110232010,85,2,49,-1,0,3,-1,60,0,0,-1
20231110232048,85,4,24,10,1,2,2,60,0,0,0
20231110232076,79,4,39,2,0,5,-1,0,0,0,0
20231110232076,85,4,40,2,0,6,-1,60,0,0,0
20231110232076,79,4,49,2,0,7,-1,0,0,0,0
20231110232076,60,4,20,5,1,2,2,0,0,0,0
20231110232088,75,4,20,2,1,2,2,0,0,0,0
20231110232116,79,2,56,-1,0,3,-1,0,0,0,-1
20231110232116,80,2,56,-1,0,4,-1,60,0,0,-1
20231110232116,85,2,56,-1,0,5,-1,60,0,0,-1
20231110232116,78,2,56,-1,0,6,-1,0,0,0,-1
20231110232116,76,2,56,-1,0,7,-1,0,0,0,-1
20231110232173,76,1,47,-1,0,3,-1,0,0,0,-1
20231110232189,85,4,20,2,1,2,2,0,0,0,0
20231110232201,85,4,33,6,0,2,-1,60,0,0,0
20231110232201,85,4,34,6,0,3,-1,60,0,0,0
20231110232201,75,4,44,1,0,4,-1,0,0,0,0
20231110232290,69,4,38,32,0,2,-1,0,0,0,0
20231110232296,80,4,33,2,0,3,-1,60,0,0,0
20231110232323,69,4,33,8,0,4,-1,0,0,0,0
20231110232336,79,4,20,5,1,2,2,0,0,0,0
20231110232352,73,4,38,2,0,2,-1,0,0,0,0
20231110232352,68,3,49,-1,0,3,-1,0,0,0,-1
20231111230686,77,4,44,6,0,2,-1,0,0,0,0
20231111231030,75,4,20,3,1,2,2,0,0,0,0
20231111231075,60,1,20,-1,1,2,2,0,0,0,-1
20231111231175,85,4,40,2,0,3,-1,60,0,0,0
20231111231316,85,4,44,3,0,3,-1,60,0,0,0
20231111231450,69,4,24,35,1,3,3,0,0,0,0
20231111231471,79,1,44,-1,0,3,-1,0,0,0,-1
20231111231471,53,1,44,-1,0,4,-1,0,0,0,-1
20231111231659,85,1,47,-1,0,7,-1,61,0,0,-1
20231111231773,85,4,33,8,0,5,-1,60,0,0,0
20231111231846,85,4,33,11,0,5,-1,60,0,0,0
20231111231846,85,4,34,11,0,6,-1,60,0,0,0
20231111231888,78,3,25,-1,1,2,2,0,0,0,-1
20231111231944,79,4,56,2,0,2,-1,0,0,0,0
20231111231960,80,4,41,2,0,3,-1,60,0,0,0
20231209230754,80,4,33,10,0,3,-1,60,0,0,0
20231210230224,57,4,24,8,1,2,2,0,0,0,0
20231210230633,80,4,33,3,0,3,-1,0,0,0,0
20231210230633,85,4,34,3,0,4,-1,60,0,0,0
20231210230672,85,4,48,13,0,2,-1,60,0,0,0
20231210230755,74,2,35,-1,0,2,-1,0,0,0,-1
20231210230872,80,4,34,2,0,3,-1,60,0,0,0
20231210230959,60,1,33,-1,0,4,-1,0,0,0,-1
20231210230994,80,3,33,-1,0,6,-1,60,0,0,-1
20231210231133,85,1,43,-1,0,3,-1,60,0,0,-1
20231210231201,85,3,47,-1,0,2,-1,60,0,0,-1
20231210231231,85,4,33,3,0,2,-1,60,0,0,0
20231210231295,75,4,34,2,0,5,-1,0,0,0,0
20231210231385,76,4,34,15,0,4,-1,0,0,0,0
20231210231504,75,2,33,-1,0,3,-1,0,0,0,-1
20231210231504,67,2,34,-1,0,4,-1,0,0,0,-1
20231210231554,80,3,34,-1,0,3,-1,60,0,0,-1
20231210231554,80,2,33,-1,0,4,-1,60,0,0,-1
20231210231591,85,4,33,3,0,3,-1,60,0,0,0
20231210231594,85,4,47,2,0,5,-1,60,0,0,0
20231210231739,78,4,20,10,1,2,2,0,0,0,0
20231210231775,80,4,38,5,0,3,-1,0,0,0,0
20231210231808,78,1,35,-1,0,2,-1,0,0,0,-1
20231210231913,85,4,44,2,0,2,-1,60,0,0,0
20231210232289,80,4,40,10,0,3,-1,60,0,0,0
20231211230254,62,4,24,5,1,3,3,0,0,0,0
20231211230277,78,4,34,10,0,8,-1,0,0,0,0
20231211230277,71,4,33,10,0,9,-1,0,0,0,0
20231211230532,71,4,35,1,0,2,-1,0,0,0,0
20231211230559,80,2,44,-1,0,2,-1,60,0,0,-1
20231211230573,85,1,44,-1,0,2,-1,60,0,0,-1
20231211230590,80,2,47,-1,0,3,-1,60,0,0,-1
20231211230591,80,1,33,-1,0,3,-1,60,0,0,-1
20231211230630,78,4,43,6,0,3,-1,0,0,0,0
20231211230633,80,1,44,-1,0,6,-1,0,0,0,-1
20231211230647,80,4,35,5,0,2,-1,60,0,0,0
20231211230670,80,4,49,10,0,2,-1,60,0,0,0
20231211230670,63,1,56,-1,0,3,-1,42,0,0,-1
20231211230670,78,1,56,-1,0,4,-1,42,0,0,-1
20231211230721,85,4,20,6,1,2,2,0,0,0,0
20231211230728,85,4,33,4,0,3,-1,60,0,0,0
20231211230731,85,4,24,2,1,2,2,0,0,0,0
20231211230746,85,3,49,-1,0,6,-1,0,0,0,-1
20231211230840,85,3,33,-1,0,2,-1,60,0,0,-1
20231211230849,80,1,56,-1,0,3,-1,0,0,0,-1
20231211230849,80,1,56,-1,0,4,-1,0,0,0,-1
20231211230871,85,4,33,3,0,3,-1,60,0,0,0
20231211230882,79,3,39,-1,0,5,-1,0,0,0,-1
20231211230896,79,4,20,3,1,2,2,0,0,0,0
20231211230901,75,4,24,10,1,2,2,0,0,0,0
20231211230901,74,4,24,10,1,3,3,0,0,0,0
20231211230969,73,3,20,-1,1,2,2,0,0,0,-1
20231211231002,77,4,24,2,1,2,2,0,0,0,42
20231211231002,68,4,24,2,1,3,3,0,0,0,0
20231211231003,69,4,20,2,1,2,2,0,0,0,0
20231211231062,85,4,33,5,0,5,-1,60,0,0,0
20231211231062,85,4,34,5,0,6,-1,60,0,0,0
20231211231079,80,1,43,-1,0,2,-1,0,0,0,-1
20231211231079,76,1,43,-1,0,3,-1,0,0,0,-1
20231211231085,85,4,24,6,1,2,2,0,0,0,0
20231211231111,74,3,37,-1,0,3,-1,0,0,0,-1
20231211231118,70,4,33,2,0,2,-1,0,0,0,0
20231211231118,73,4,56,3,0,3,-1,0,0,0,0
20231211231179,63,1,20,-1,1,2,2,0,0,0,-1
20231211231187,75,4,41,2,0,3,-1,0,0,0,42
20231211231222,70,1,43,-1,0,3,-1,0,0,0,-1
20231211231241,57,1,38,-1,0,6,-1,0,0,0,-1
20231211231241,85,4,24,1,1,2,2,60,0,0,0
20231211231271,69,1,33,-1,0,5,-1,0,0,0,-1
20231211231370,72,4,34,2,0,4,-1,0,0,0,0
20231211231370,65,1,44,-1,0,5,-1,0,0,0,-1
20231211231428,64,4,33,3,0,5,-1,0,0,0,0
20231211231431,85,4,39,5,0,4,-1,60,0,0,0
20231211231437,73,2,24,-1,1,2,2,0,0,0,-1
20231211231443,78,3,34,-1,0,3,-1,0,0,0,-1
20231211231473,85,4,41,5,0,3,-1,60,0,0,0
20231211231517,80,2,34,-1,0,3,-1,0,0,0,-1
20231211231517,76,1,33,-1,0,4,-1,0,0,0,-1
20231211231520,85,4,24,5,1,2,2,0,0,0,0
20231211231558,80,4,44,2,0,2,-1,60,0,0,0
20231211231558,80,3,56,-1,0,3,-1,60,0,0,-1
20231211231562,85,4,42,2,0,3,-1,60,0,0,0
20231211231596,74,4,38,10,0,2,-1,0,0,0,0
20231211231596,80,4,37,2,0,3,-1,60,0,0,0
20231211231620,80,4,43,6,0,2,-1,60,0,0,0
20231211231620,79,4,43,6,0,3,-1,0,0,0,0
20231211231654,85,4,40,7,0,3,-1,0,0,0,0
20231211231699,71,2,36,-1,0,2,-1,0,0,0,-1
20231211231716,85,3,20,-1,1,2,2,0,0,0,-1
20231211231720,69,4,33,2,0,7,-1,0,0,0,42
20231211231720,70,4,34,2,0,8,-1,0,0,0,42
20231211231721,85,1,43,-1,0,2,-1,60,0,0,-1
20231211231730,85,1,40,-1,0,3,-1,60,0,0,-1
20231211231756,85,4,39,15,0,4,-1,60,0,0,0
20231211231756,80,4,40,15,0,5,-1,60,0,0,0
20231211231756,85,4,41,20,0,6,-1,60,0,0,0
20231211231758,85,4,26,7,1,3,3,0,0,0,0
20231211231768,73,1,33,-1,0,2,-1,0,0,0,-1
20231211231782,80,2,30,-1,1,3,3,0,0,0,-1
20231211231796,80,2,56,-1,0,3,-1,0,0,0,-1
20231211231796,80,2,56,-1,0,4,-1,60,0,0,-1
20231211231809,85,2,43,-1,0,3,-1,60,0,0,-1
20231211231822,67,1,20,-1,1,2,2,0,0,0,-1
20231211231877,80,4,44,4,0,3,-1,60,0,0,0
20231211232058,85,4,56,10,0,2,-1,0,0,0,0
20231211232058,65,3,34,-1,0,3,-1,42,42,42,-1
20231211232058,85,4,41,3,0,4,-1,61,42,42,42
20231211232058,76,4,49,1,0,5,-1,42,42,42,42
20231211232063,80,3,49,-1,0,3,-1,60,0,0,-1
20231211232081,70,4,44,3,0,4,-1,0,0,0,0
20231211232095,80,4,33,3,0,5,-1,60,0,0,0
20231211232109,80,4,33,10,0,2,-1,60,0,0,0
20231211232109,80,4,34,10,0,3,-1,60,0,0,0
20231211232117,79,4,33,10,0,4,-1,0,0,0,0
20231211232117,67,4,39,15,0,5,-1,0,0,0,0
20231211232117,85,4,34,10,0,6,-1,0,0,0,0
20231211232125,68,4,24,3,1,2,2,0,0,0,0
20231211232126,64,4,43,5,0,2,-1,0,0,0,0
20231211232187,78,4,33,7,0,7,-1,0,0,0,0
20231211232215,78,4,35,4,0,2,-1,0,0,0,0
20231211232239,85,4,44,2,0,2,-1,60,0,0,0
20231211232271,76,1,38,-1,0,2,-1,0,0,0,-1
20231212230563,73,4,35,8,0,3,-1,0,0,0,0
20231212230563,63,1,43,-1,0,4,-1,0,0,0,-1
20231212230772,85,1,34,-1,0,3,-1,60,0,0,-1
20231212231470,80,3,43,-1,0,3,-1,0,0,0,-1
20231212231470,80,4,43,2,0,4,-1,0,0,0,0
20231212231510,70,4,56,19,0,3,-1,0,0,0,0
20231212231613,85,2,34,-1,0,3,-1,60,0,0,-1
